draw 1,draw 2,draw 3,draw 4,draw 5,draw 6,draw 7,draw 8,draw 9,draw 10,draw 11,mean,std, 2.50%, 5.00%,10.00%,50.00%,90.00%,95.00%,97.50%
0.577745,0.550690,0.543717,0.561284,0.511749,0.581986,0.560121,0.529944,0.577844,0.590871,0.551309,0.557932,0.023840,0.511749,0.511749,0.529944,0.560121,0.581986,0.590871,0.590871
0.541243,0.549427,0.544310,0.564577,0.507827,0.554446,0.591753,0.534984,0.592337,0.578511,0.557842,0.556114,0.025188,0.507827,0.507827,0.534984,0.554446,0.591753,0.592337,0.592337
0.545096,0.550690,0.549537,0.561284,0.504744,0.568965,0.555181,0.538486,0.584746,0.590871,0.539010,0.553510,0.023627,0.504744,0.504744,0.538486,0.550690,0.584746,0.590871,0.590871
0.543156,0.539928,0.551293,0.557147,0.507827,0.559544,0.556204,0.535984,0.601213,0.588713,0.553754,0.554069,0.025018,0.507827,0.507827,0.535984,0.553754,0.588713,0.601213,0.601213
0.576136,0.561241,0.546165,0.560511,0.522400,0.581315,0.579940,0.536866,0.581376,0.586113,0.559379,0.562858,0.020745,0.522400,0.522400,0.536866,0.561241,0.581376,0.586113,0.586113
0.582651,0.564533,0.551392,0.573142,0.523849,0.586322,0.586749,0.539613,0.584995,0.588531,0.553248,0.566820,0.022100,0.523849,0.523849,0.539613,0.573142,0.586749,0.588531,0.588531
0.586196,0.589156,0.561443,0.574737,0.558149,0.608439,0.591233,0.558693,0.592032,0.574225,0.562212,0.577865,0.016748,0.558149,0.558149,0.558693,0.574737,0.592032,0.608439,0.608439
0.587591,0.568837,0.559937,0.574737,0.568462,0.624007,0.567656,0.550467,0.593809,0.577478,0.552059,0.575004,0.021000,0.550467,0.550467,0.552059,0.568837,0.593809,0.624007,0.624007
0.576979,0.583480,0.559157,0.555290,0.523273,0.572710,0.578896,0.536753,0.589242,0.588368,0.553363,0.565228,0.021618,0.523273,0.523273,0.536753,0.572710,0.588368,0.589242,0.589242
0.563390,0.562848,0.543717,0.540862,0.528712,0.576656,0.578896,0.533215,0.589737,0.588368,0.549790,0.559654,0.021849,0.528712,0.528712,0.533215,0.562848,0.588368,0.589737,0.589737
0.538655,0.559554,0.562569,0.557147,0.514521,0.552307,0.580072,0.548223,0.590953,0.591216,0.553042,0.558933,0.022601,0.514521,0.514521,0.538655,0.557147,0.590953,0.591216,0.591216
0.539287,0.550690,0.562569,0.557147,0.514657,0.552307,0.559869,0.548223,0.590953,0.591216,0.553042,0.556360,0.021493,0.514657,0.514657,0.539287,0.553042,0.590953,0.591216,0.591216
0.591237,0.552382,0.556607,0.564838,0.523694,0.577054,0.560121,0.530661,0.578905,0.581735,0.538469,0.559609,0.021978,0.523694,0.523694,0.530661,0.560121,0.581735,0.591237,0.591237
0.546155,0.549427,0.543717,0.561284,0.504064,0.558846,0.550538,0.523645,0.577844,0.590871,0.548317,0.550428,0.023477,0.504064,0.504064,0.523645,0.549427,0.577844,0.590871,0.590871
0.576136,0.586247,0.559639,0.554416,0.542632,0.576158,0.604433,0.558008,0.594463,0.576497,0.562180,0.571892,0.018522,0.542632,0.542632,0.554416,0.576136,0.594463,0.604433,0.604433
0.584752,0.564533,0.558359,0.573612,0.536362,0.572808,0.585863,0.562880,0.583609,0.581647,0.554800,0.569021,0.015424,0.536362,0.536362,0.554800,0.572808,0.584752,0.585863,0.585863
0.563390,0.555685,0.543717,0.547459,0.503470,0.580283,0.579940,0.533380,0.575807,0.588368,0.551620,0.556647,0.024833,0.503470,0.503470,0.533380,0.555685,0.580283,0.588368,0.588368
0.562542,0.554424,0.538481,0.525222,0.512864,0.576555,0.585759,0.545253,0.594828,0.588531,0.561669,0.558739,0.026645,0.512864,0.512864,0.525222,0.561669,0.588531,0.594828,0.594828
0.576979,0.574707,0.558359,0.567160,0.527241,0.573110,0.573109,0.541658,0.588752,0.579219,0.549774,0.564552,0.018397,0.527241,0.527241,0.541658,0.573109,0.579219,0.588752,0.588752
0.574568,0.555685,0.543717,0.547459,0.518908,0.573110,0.569087,0.536753,0.578854,0.588368,0.556359,0.558442,0.020697,0.518908,0.518908,0.536753,0.556359,0.578854,0.588368,0.588368
0.582011,0.554424,0.556607,0.572423,0.531804,0.577750,0.566099,0.535572,0.588265,0.584214,0.553704,0.563898,0.019192,0.531804,0.531804,0.535572,0.566099,0.584214,0.588265,0.588265
0.581027,0.558292,0.556697,0.571049,0.561616,0.569601,0.556537,0.525428,0.569849,0.588866,0.547404,0.562397,0.017046,0.525428,0.525428,0.547404,0.561616,0.581027,0.588866,0.588866
0.587456,0.591110,0.563989,0.554416,0.573512,0.615701,0.590284,0.558581,0.597367,0.566616,0.552370,0.577400,0.020349,0.552370,0.552370,0.554416,0.573512,0.597367,0.615701,0.615701
0.595318,0.560004,0.559937,0.573612,0.558149,0.608439,0.585863,0.556638,0.583241,0.575046,0.557382,0.573966,0.017580,0.556638,0.556638,0.557382,0.573612,0.595318,0.608439,0.608439
0.576136,0.551121,0.539875,0.544440,0.507585,0.571523,0.569584,0.536753,0.589242,0.586113,0.558906,0.557389,0.024417,0.507585,0.507585,0.536753,0.558906,0.586113,0.589242,0.589242
0.564254,0.549427,0.546069,0.546304,0.501683,0.580493,0.576430,0.543147,0.593612,0.588531,0.556320,0.558752,0.026128,0.501683,0.501683,0.543147,0.556320,0.588531,0.593612,0.593612
0.566537,0.554424,0.535444,0.541338,0.518908,0.580283,0.568038,0.538288,0.575189,0.588368,0.547409,0.555839,0.021598,0.518908,0.518908,0.535444,0.554424,0.580283,0.588368,0.588368
0.564399,0.554424,0.543717,0.540862,0.512757,0.585206,0.568038,0.536711,0.575189,0.588368,0.547409,0.556098,0.022765,0.512757,0.512757,0.536711,0.554424,0.585206,0.588368,0.588368
0.562964,0.552733,0.550800,0.551723,0.526419,0.584214,0.568038,0.538235,0.587625,0.584214,0.549790,0.559705,0.019798,0.526419,0.526419,0.538235,0.552733,0.584214,0.587625,0.587625
0.594716,0.552733,0.556607,0.562276,0.549503,0.568965,0.555181,0.525428,0.587898,0.596279,0.554268,0.563987,0.021532,0.525428,0.525428,0.549503,0.556607,0.594716,0.596279,0.596279
0.576025,0.585611,0.560571,0.557888,0.558299,0.603703,0.586762,0.556526,0.599059,0.577478,0.559223,0.574650,0.017406,0.556526,0.556526,0.557888,0.576025,0.599059,0.603703,0.603703
0.582540,0.576237,0.560571,0.557414,0.535160,0.603703,0.586762,0.554957,0.581656,0.586635,0.559223,0.571351,0.019517,0.535160,0.535160,0.554957,0.576237,0.586762,0.603703,0.603703
0.526026,0.553430,0.560645,0.513056,0.514692,0.528485,0.521068,0.560107,0.564566,0.545778,0.534406,0.538387,0.019244,0.513056,0.513056,0.514692,0.534406,0.560645,0.564566,0.564566
0.533086,0.568904,0.517356,0.505626,0.504298,0.534181,0.485091,0.552146,0.570549,0.546519,0.530294,0.531641,0.027111,0.485091,0.485091,0.504298,0.533086,0.568904,0.570549,0.570549
0.508825,0.567816,0.517356,0.505855,0.496701,0.513067,0.485091,0.554204,0.568274,0.540322,0.534406,0.526538,0.028423,0.485091,0.485091,0.496701,0.517356,0.567816,0.568274,0.568274
0.552022,0.580788,0.558315,0.513860,0.514217,0.544902,0.583996,0.569799,0.603025,0.600098,0.572083,0.563010,0.030214,0.513860,0.513860,0.514217,0.569799,0.600098,0.603025,0.603025
0.536829,0.558198,0.528148,0.515890,0.520325,0.548442,0.533671,0.542051,0.576077,0.544392,0.545991,0.540910,0.017068,0.515890,0.515890,0.520325,0.542051,0.558198,0.576077,0.576077
0.554142,0.580162,0.552813,0.541091,0.524441,0.540436,0.579837,0.542392,0.595996,0.564236,0.534738,0.555480,0.022199,0.524441,0.524441,0.534738,0.552813,0.580162,0.595996,0.595996
0.557106,0.562563,0.555719,0.519668,0.511415,0.536583,0.561729,0.564210,0.604775,0.596368,0.558985,0.557193,0.027984,0.511415,0.511415,0.519668,0.558985,0.596368,0.604775,0.604775
0.521597,0.566561,0.515762,0.504486,0.502689,0.513067,0.506690,0.547206,0.586398,0.545643,0.536089,0.531472,0.027517,0.502689,0.502689,0.504486,0.521597,0.566561,0.586398,0.586398
0.534188,0.566561,0.527986,0.504486,0.502689,0.503313,0.509809,0.542051,0.587621,0.537657,0.531177,0.531594,0.027152,0.502689,0.502689,0.503313,0.531177,0.566561,0.587621,0.587621
0.522760,0.565397,0.534309,0.511181,0.514692,0.513067,0.510124,0.553703,0.582972,0.553575,0.534406,0.536017,0.024777,0.510124,0.510124,0.511181,0.534309,0.565397,0.582972,0.582972
0.523164,0.568904,0.530796,0.502132,0.510001,0.503313,0.498794,0.529398,0.569265,0.534509,0.517707,0.526180,0.024447,0.498794,0.498794,0.502132,0.523164,0.568904,0.569265,0.569265
0.537124,0.570762,0.530556,0.526590,0.499824,0.566321,0.556752,0.529398,0.567841,0.548931,0.533126,0.542475,0.021813,0.499824,0.499824,0.526590,0.537124,0.567841,0.570762,0.570762
0.537986,0.538887,0.521603,0.528926,0.484723,0.548234,0.572096,0.529398,0.564211,0.538535,0.527704,0.535664,0.022946,0.484723,0.484723,0.521603,0.537986,0.564211,0.572096,0.572096
0.548914,0.576673,0.530421,0.520693,0.524961,0.551855,0.577166,0.551170,0.572201,0.571749,0.539687,0.551408,0.020917,0.520693,0.520693,0.524961,0.551170,0.576673,0.577166,0.577166
0.537621,0.579079,0.514835,0.518113,0.540940,0.566321,0.578711,0.545747,0.567753,0.570464,0.546848,0.551494,0.022721,0.514835,0.514835,0.518113,0.546848,0.578711,0.579079,0.579079
0.552188,0.576086,0.571521,0.530916,0.513083,0.551479,0.584724,0.557787,0.575109,0.574097,0.567742,0.559521,0.021617,0.513083,0.513083,0.530916,0.567742,0.576086,0.584724,0.584724
0.552188,0.564807,0.569144,0.526582,0.513083,0.533307,0.584724,0.541843,0.567588,0.563795,0.542623,0.550880,0.021444,0.513083,0.513083,0.526582,0.552188,0.569144,0.584724,0.584724
0.540733,0.578914,0.542491,0.518995,0.506462,0.540436,0.569383,0.532774,0.579953,0.561596,0.542693,0.546766,0.023599,0.506462,0.506462,0.518995,0.542491,0.578914,0.579953,0.579953
0.530744,0.569081,0.540730,0.513525,0.509113,0.548746,0.569383,0.545417,0.566391,0.538746,0.537546,0.542675,0.020449,0.509113,0.509113,0.513525,0.540730,0.569081,0.569383,0.569383
0.526528,0.565397,0.553579,0.511181,0.522281,0.527485,0.499177,0.558632,0.558269,0.561436,0.534406,0.538034,0.022600,0.499177,0.499177,0.511181,0.534406,0.561436,0.565397,0.565397
0.514326,0.564141,0.517356,0.502132,0.515901,0.511674,0.484147,0.552146,0.584493,0.540326,0.510444,0.527008,0.029724,0.484147,0.484147,0.502132,0.515901,0.564141,0.584493,0.584493
0.566689,0.576535,0.577279,0.542287,0.552667,0.583720,0.565620,0.540592,0.605891,0.585398,0.575389,0.570188,0.019497,0.540592,0.540592,0.542287,0.575389,0.585398,0.605891,0.605891
0.549414,0.584974,0.557594,0.525406,0.529627,0.552062,0.558826,0.554434,0.572201,0.574097,0.553724,0.555669,0.017711,0.525406,0.525406,0.529627,0.554434,0.574097,0.584974,0.584974
0.550363,0.576086,0.555365,0.534754,0.512777,0.545399,0.569072,0.537972,0.571491,0.581281,0.567742,0.554755,0.020889,0.512777,0.512777,0.534754,0.555365,0.576086,0.581281,0.581281
0.581165,0.581255,0.604676,0.558975,0.555457,0.588231,0.565064,0.572322,0.611985,0.562922,0.573649,0.577791,0.018186,0.555457,0.555457,0.558975,0.573649,0.604676,0.611985,0.611985
0.542466,0.581255,0.540364,0.525406,0.536667,0.556428,0.559735,0.549290,0.572201,0.574097,0.558551,0.554224,0.017309,0.525406,0.525406,0.536667,0.556428,0.574097,0.581255,0.581255
0.543739,0.566982,0.561166,0.520194,0.548871,0.565613,0.587771,0.549290,0.590778,0.575326,0.551367,0.560100,0.020486,0.520194,0.520194,0.543739,0.561166,0.587771,0.590778,0.590778
0.547282,0.586681,0.575361,0.524533,0.548871,0.576361,0.575030,0.549290,0.590778,0.582121,0.575389,0.566518,0.020750,0.524533,0.524533,0.547282,0.575361,0.586681,0.590778,0.590778
0.539700,0.569911,0.544541,0.522007,0.510394,0.558565,0.597428,0.562349,0.567577,0.539440,0.517922,0.548167,0.026024,0.510394,0.510394,0.517922,0.544541,0.569911,0.597428,0.597428
0.556903,0.538812,0.556725,0.533422,0.495496,0.539743,0.589124,0.545899,0.572240,0.543218,0.538862,0.546404,0.023746,0.495496,0.495496,0.533422,0.543218,0.572240,0.589124,0.589124
0.524350,0.550980,0.561007,0.510569,0.534780,0.503556,0.537652,0.542006,0.520542,0.552713,0.511175,0.531757,0.019135,0.503556,0.503556,0.510569,0.534780,0.552713,0.561007,0.561007
0.523050,0.537586,0.565910,0.512251,0.524961,0.520691,0.532382,0.542884,0.556454,0.547593,0.518861,0.534784,0.016958,0.512251,0.512251,0.518861,0.532382,0.556454,0.565910,0.565910
0.542465,0.557841,0.543973,0.545725,0.526938,0.560112,0.546604,0.544275,0.593492,0.567262,0.538324,0.551547,0.017751,0.526938,0.526938,0.538324,0.545725,0.567262,0.593492,0.593492
0.539024,0.547578,0.529528,0.542908,0.516273,0.538378,0.523750,0.531287,0.578259,0.542464,0.530175,0.538148,0.016158,0.516273,0.516273,0.523750,0.538378,0.547578,0.578259,0.578259
0.526528,0.578843,0.575013,0.511981,0.534780,0.516806,0.558540,0.542006,0.567120,0.554193,0.508098,0.543083,0.025425,0.508098,0.508098,0.511981,0.542006,0.575013,0.578843,0.578843
0.534061,0.570228,0.559030,0.518031,0.514293,0.516806,0.533393,0.526150,0.560044,0.525794,0.527701,0.535048,0.019270,0.514293,0.514293,0.516806,0.527701,0.560044,0.570228,0.570228
0.520832,0.572905,0.542450,0.533502,0.516273,0.533859,0.534558,0.532157,0.569439,0.521332,0.518891,0.536018,0.019174,0.516273,0.516273,0.518891,0.533502,0.569439,0.572905,0.572905
0.512356,0.556055,0.548551,0.517361,0.510001,0.521436,0.527693,0.520021,0.581031,0.519491,0.511783,0.529616,0.022621,0.510001,0.510001,0.511783,0.520021,0.556055,0.581031,0.581031
0.534922,0.572213,0.561024,0.540182,0.540580,0.519558,0.600409,0.541627,0.557817,0.550523,0.547902,0.551523,0.021460,0.519558,0.519558,0.534922,0.547902,0.572213,0.600409,0.600409
0.535488,0.535756,0.558473,0.545693,0.515529,0.522889,0.604714,0.533376,0.563188,0.546677,0.547966,0.546341,0.023956,0.515529,0.515529,0.522889,0.545693,0.563188,0.604714,0.604714
0.517210,0.568813,0.555429,0.492592,0.521946,0.514775,0.548721,0.553119,0.553203,0.549044,0.534495,0.537213,0.022905,0.492592,0.492592,0.514775,0.548721,0.555429,0.568813,0.568813
0.518382,0.587103,0.534927,0.506956,0.511274,0.514775,0.561401,0.533983,0.579363,0.530996,0.521732,0.536445,0.027540,0.506956,0.506956,0.511274,0.530996,0.579363,0.587103,0.587103
0.545829,0.559283,0.529957,0.539295,0.513274,0.566264,0.527629,0.530268,0.582534,0.538535,0.542888,0.543251,0.019653,0.513274,0.513274,0.527629,0.539295,0.566264,0.582534,0.582534
0.532315,0.525311,0.527386,0.539026,0.487609,0.562609,0.532524,0.529899,0.575579,0.561386,0.537752,0.537400,0.023458,0.487609,0.487609,0.525311,0.532524,0.562609,0.575579,0.575579
0.524350,0.548977,0.566350,0.509169,0.534780,0.503556,0.560716,0.528740,0.559889,0.547767,0.533995,0.538026,0.020811,0.503556,0.503556,0.509169,0.534780,0.560716,0.566350,0.566350
0.528656,0.549002,0.538272,0.518860,0.514665,0.505724,0.534327,0.525129,0.566242,0.530732,0.503799,0.528673,0.018449,0.503799,0.503799,0.505724,0.528656,0.549002,0.566242,0.566242
0.526528,0.555406,0.573727,0.495625,0.524961,0.510943,0.525634,0.538637,0.550590,0.549893,0.501000,0.532086,0.024179,0.495625,0.495625,0.501000,0.526528,0.555406,0.573727,0.573727
0.534061,0.547973,0.548706,0.522129,0.514293,0.521130,0.522309,0.529828,0.580441,0.539540,0.502386,0.532981,0.021062,0.502386,0.502386,0.514293,0.529828,0.548706,0.580441,0.580441
0.541965,0.564808,0.566736,0.509639,0.524961,0.520790,0.538757,0.540127,0.584404,0.549534,0.519489,0.541928,0.023011,0.509639,0.509639,0.519489,0.540127,0.566736,0.584404,0.584404
0.528656,0.561348,0.538272,0.515124,0.514293,0.515576,0.526776,0.532300,0.580416,0.542206,0.501360,0.532393,0.022788,0.501360,0.501360,0.514293,0.528656,0.561348,0.580416,0.580416
0.524350,0.548179,0.578254,0.509546,0.525333,0.505724,0.547218,0.542482,0.569664,0.542515,0.506078,0.536304,0.024572,0.505724,0.505724,0.506078,0.542482,0.569664,0.578254,0.578254
0.526528,0.565946,0.577894,0.512167,0.524961,0.535509,0.547643,0.527866,0.589107,0.553378,0.509777,0.542798,0.026335,0.509777,0.509777,0.512167,0.535509,0.577894,0.589107,0.589107
0.535349,0.566110,0.551102,0.524658,0.524961,0.526646,0.532708,0.527866,0.581467,0.553378,0.514473,0.539884,0.020535,0.514473,0.514473,0.524658,0.532708,0.566110,0.581467,0.581467
0.526528,0.562988,0.571827,0.510952,0.524961,0.529356,0.528818,0.548404,0.581520,0.559319,0.542700,0.544307,0.022366,0.510952,0.510952,0.524961,0.542700,0.571827,0.581520,0.581520
0.545520,0.555028,0.546980,0.529673,0.514293,0.526341,0.545214,0.529828,0.578525,0.541435,0.540158,0.541181,0.016914,0.514293,0.514293,0.526341,0.541435,0.555028,0.578525,0.578525
0.524350,0.550814,0.574371,0.517376,0.524961,0.503556,0.558987,0.530228,0.559245,0.553374,0.511064,0.537121,0.023153,0.503556,0.503556,0.511064,0.530228,0.559245,0.574371,0.574371
0.518998,0.556886,0.538272,0.517702,0.514665,0.505724,0.534327,0.515316,0.561200,0.542820,0.497223,0.527558,0.020661,0.497223,0.497223,0.505724,0.518998,0.556886,0.561200,0.561200
0.524350,0.527884,0.542479,0.495773,0.517068,0.506618,0.536832,0.533143,0.541853,0.537507,0.499932,0.523949,0.016829,0.495773,0.495773,0.499932,0.527884,0.541853,0.542479,0.542479
0.520581,0.537338,0.549165,0.504644,0.517068,0.522334,0.521910,0.537152,0.549968,0.535128,0.493499,0.526253,0.017602,0.493499,0.493499,0.504644,0.522334,0.549165,0.549968,0.549968
0.543417,0.571784,0.579192,0.540743,0.526938,0.547830,0.516081,0.544474,0.609299,0.562987,0.542763,0.553228,0.026069,0.516081,0.516081,0.526938,0.544474,0.579192,0.609299,0.609299
0.540244,0.555860,0.529528,0.536230,0.520562,0.536657,0.505249,0.538919,0.577644,0.538136,0.530175,0.537200,0.018450,0.505249,0.505249,0.520562,0.536657,0.555860,0.577644,0.577644
0.545710,0.583924,0.590212,0.516428,0.524441,0.558291,0.558328,0.547333,0.578148,0.566008,0.561343,0.557288,0.023032,0.516428,0.516428,0.524441,0.558328,0.583924,0.590212,0.590212
0.533504,0.572456,0.572837,0.507510,0.520674,0.539076,0.551132,0.535900,0.575151,0.554476,0.543639,0.546032,0.021915,0.507510,0.507510,0.520674,0.543639,0.572837,0.575151,0.575151
0.533504,0.574276,0.552203,0.496716,0.520674,0.532526,0.559691,0.541138,0.556507,0.554291,0.530456,0.541089,0.021477,0.496716,0.496716,0.520674,0.541138,0.559691,0.574276,0.574276
0.517210,0.535289,0.541445,0.501552,0.505772,0.513984,0.533250,0.537152,0.521535,0.529397,0.504283,0.521897,0.014312,0.501552,0.501552,0.504283,0.521535,0.537152,0.541445,0.541445
0.548411,0.559327,0.549792,0.552282,0.520562,0.574524,0.533658,0.552207,0.591863,0.574470,0.539797,0.554263,0.020224,0.520562,0.520562,0.533658,0.552207,0.574524,0.591863,0.591863
0.540244,0.559327,0.529528,0.548049,0.520698,0.569389,0.533658,0.538324,0.588351,0.548315,0.541447,0.547030,0.019217,0.520698,0.520698,0.529528,0.541447,0.569389,0.588351,0.588351
0.581879,0.559327,0.576241,0.560296,0.537430,0.561269,0.533739,0.562922,0.616132,0.563838,0.552878,0.564177,0.022308,0.533739,0.533739,0.537430,0.561269,0.581879,0.616132,0.616132
0.530002,0.567181,0.550584,0.547781,0.520698,0.554562,0.532708,0.526526,0.572716,0.560324,0.526956,0.544549,0.018046,0.520698,0.520698,0.526526,0.547781,0.567181,0.572716,0.572716
0.567867,0.557841,0.572616,0.559542,0.526784,0.565772,0.552049,0.539983,0.614266,0.571204,0.539797,0.560702,0.023021,0.526784,0.526784,0.539797,0.559542,0.572616,0.614266,0.614266
0.554588,0.565898,0.560520,0.552069,0.520562,0.568870,0.552049,0.535531,0.599637,0.555503,0.539797,0.555002,0.020366,0.520562,0.520562,0.535531,0.554588,0.568870,0.599637,0.599637
0.539165,0.535397,0.510139,0.483473,0.561525,0.545278,0.545241,0.519852,0.534660,0.509686,0.530428,0.528622,0.021561,0.483473,0.483473,0.509686,0.534660,0.545278,0.561525,0.561525
0.509608,0.538768,0.537634,0.489001,0.550979,0.510485,0.529866,0.518980,0.525999,0.514292,0.524441,0.522732,0.016991,0.489001,0.489001,0.509608,0.524441,0.538768,0.550979,0.550979
0.527082,0.550656,0.523354,0.483108,0.536658,0.516439,0.558330,0.536635,0.525487,0.539757,0.536091,0.530327,0.019760,0.483108,0.483108,0.516439,0.536091,0.550656,0.558330,0.558330
0.536726,0.557900,0.523354,0.482129,0.536658,0.518566,0.558330,0.537385,0.525487,0.532130,0.535571,0.531294,0.020565,0.482129,0.482129,0.518566,0.535571,0.557900,0.558330,0.558330
0.574089,0.569111,0.588187,0.541186,0.526784,0.544244,0.557504,0.567727,0.615781,0.547915,0.544761,0.561572,0.025120,0.526784,0.526784,0.541186,0.557504,0.588187,0.615781,0.615781
0.567867,0.564730,0.572616,0.550481,0.526920,0.560367,0.557504,0.550426,0.591951,0.539492,0.539797,0.556559,0.018016,0.526920,0.526920,0.539492,0.557504,0.572616,0.591951,0.591951
0.530962,0.582077,0.560485,0.541268,0.524961,0.571301,0.560835,0.535977,0.580270,0.576815,0.561240,0.556927,0.020509,0.524961,0.524961,0.530962,0.560835,0.580270,0.582077,0.582077
0.550313,0.555860,0.531119,0.534988,0.520562,0.532526,0.523750,0.528244,0.580416,0.564169,0.538239,0.541835,0.018659,0.520562,0.520562,0.523750,0.534988,0.564169,0.580416,0.580416
0.526647,0.579079,0.546440,0.509732,0.534261,0.535614,0.551933,0.545371,0.574689,0.562334,0.534853,0.545541,0.020682,0.509732,0.509732,0.526647,0.545371,0.574689,0.579079,0.579079
0.519809,0.570589,0.528683,0.502605,0.506700,0.524618,0.569383,0.540924,0.570517,0.535101,0.509850,0.534434,0.025696,0.502605,0.502605,0.506700,0.528683,0.570517,0.570589,0.570589
0.526528,0.576500,0.565134,0.497093,0.522920,0.525682,0.571874,0.540522,0.547497,0.553948,0.534495,0.542018,0.023949,0.497093,0.497093,0.522920,0.540522,0.571874,0.576500,0.576500
0.526528,0.576500,0.565134,0.492373,0.530501,0.514469,0.553892,0.553119,0.559253,0.553948,0.533179,0.541718,0.024699,0.492373,0.492373,0.514469,0.553119,0.565134,0.576500,0.576500
0.584932,0.572233,0.599132,0.560296,0.537430,0.552820,0.571294,0.577080,0.612166,0.553972,0.552997,0.570396,0.022138,0.537430,0.537430,0.552820,0.571294,0.599132,0.612166,0.612166
0.556794,0.560126,0.554721,0.552530,0.516781,0.567614,0.546972,0.537213,0.605388,0.553987,0.535710,0.553440,0.022185,0.516781,0.516781,0.535710,0.553987,0.567614,0.605388,0.605388
0.527548,0.556439,0.549137,0.541018,0.516273,0.541182,0.552049,0.535531,0.571389,0.548790,0.539797,0.543559,0.014706,0.516273,0.516273,0.527548,0.541182,0.556439,0.571389,0.571389
0.530337,0.564302,0.559536,0.537922,0.517565,0.552029,0.532708,0.535531,0.579426,0.534823,0.527356,0.542867,0.018552,0.517565,0.517565,0.527356,0.535531,0.564302,0.579426,0.579426
0.564019,0.582019,0.585365,0.539945,0.534261,0.546816,0.536829,0.545652,0.589717,0.556689,0.548934,0.557295,0.020154,0.534261,0.534261,0.536829,0.548934,0.585365,0.589717,0.589717
0.535309,0.576932,0.574334,0.547906,0.520042,0.548233,0.538193,0.553320,0.589555,0.553290,0.537362,0.552225,0.020663,0.520042,0.520042,0.535309,0.548233,0.576932,0.589555,0.589555
0.516031,0.528719,0.520206,0.478244,0.552658,0.532189,0.572106,0.556409,0.528908,0.535467,0.538422,0.532669,0.024461,0.478244,0.478244,0.516031,0.532189,0.556409,0.572106,0.572106
0.520099,0.521277,0.518970,0.450904,0.548862,0.516013,0.548991,0.536635,0.528282,0.521622,0.530678,0.522030,0.026235,0.450904,0.450904,0.516013,0.521622,0.548862,0.548991,0.548991
0.601313,0.589312,0.624303,0.582060,0.562804,0.607110,0.609709,0.559752,0.621782,0.603999,0.590119,0.595660,0.021348,0.559752,0.559752,0.562804,0.601313,0.621782,0.624303,0.624303
0.581440,0.563640,0.593644,0.547853,0.552235,0.616480,0.571999,0.555363,0.618349,0.588409,0.561687,0.577373,0.024623,0.547853,0.547853,0.552235,0.571999,0.616480,0.618349,0.618349
0.592984,0.571375,0.588670,0.536607,0.553152,0.590003,0.551678,0.587943,0.630818,0.579499,0.563371,0.576918,0.025772,0.536607,0.536607,0.551678,0.579499,0.592984,0.630818,0.630818
0.583547,0.565260,0.570649,0.527033,0.539914,0.585891,0.539595,0.561161,0.625171,0.580607,0.555349,0.566743,0.027326,0.527033,0.527033,0.539595,0.565260,0.585891,0.625171,0.625171
0.598605,0.586774,0.632073,0.556153,0.571750,0.624150,0.581350,0.592038,0.619754,0.581588,0.574347,0.592598,0.023886,0.556153,0.556153,0.571750,0.586774,0.624150,0.632073,0.632073
0.591590,0.566771,0.586693,0.527471,0.544520,0.575877,0.563444,0.573944,0.609894,0.589748,0.553994,0.571268,0.023508,0.527471,0.527471,0.544520,0.573944,0.591590,0.609894,0.609894
0.573465,0.571375,0.597648,0.544731,0.545128,0.575877,0.572868,0.571521,0.601698,0.588642,0.563101,0.573278,0.018337,0.544731,0.544731,0.545128,0.572868,0.597648,0.601698,0.601698
0.528496,0.559263,0.543223,0.534062,0.521902,0.585528,0.540023,0.560496,0.586253,0.598133,0.537333,0.554065,0.025922,0.521902,0.521902,0.528496,0.543223,0.586253,0.598133,0.598133
0.600763,0.599546,0.624708,0.554038,0.571015,0.624150,0.551648,0.592909,0.640893,0.601150,0.579500,0.594574,0.028819,0.551648,0.551648,0.554038,0.599546,0.624708,0.640893,0.640893
0.595150,0.574013,0.599029,0.549214,0.571148,0.602449,0.562922,0.585098,0.621161,0.579499,0.559549,0.581748,0.021341,0.549214,0.549214,0.559549,0.579499,0.602449,0.621161,0.621161
0.598605,0.600779,0.624708,0.558192,0.562730,0.624150,0.574558,0.592909,0.632458,0.601150,0.576565,0.595164,0.025254,0.558192,0.558192,0.562730,0.598605,0.624708,0.632458,0.632458
0.586533,0.584480,0.581700,0.532639,0.544520,0.584957,0.567114,0.604387,0.614782,0.597989,0.558755,0.577987,0.025086,0.532639,0.532639,0.544520,0.584480,0.604387,0.614782,0.614782
0.582733,0.570520,0.552704,0.568430,0.553495,0.564921,0.565568,0.546302,0.610649,0.598187,0.546042,0.569050,0.020867,0.546042,0.546042,0.546302,0.565568,0.598187,0.610649,0.610649
0.527728,0.580599,0.537409,0.552443,0.533902,0.558913,0.557388,0.527898,0.558065,0.586789,0.536196,0.550666,0.020206,0.527728,0.527728,0.527898,0.552443,0.580599,0.586789,0.586789
0.598605,0.599988,0.618385,0.544478,0.560215,0.625113,0.558622,0.570954,0.653526,0.604241,0.577807,0.591994,0.032958,0.544478,0.544478,0.558622,0.598605,0.625113,0.653526,0.653526
0.595150,0.584480,0.599029,0.536096,0.559331,0.624612,0.555094,0.579286,0.631851,0.582381,0.560577,0.582535,0.029289,0.536096,0.536096,0.555094,0.582381,0.624612,0.631851,0.631851
0.592984,0.589610,0.624948,0.524419,0.559197,0.624612,0.561084,0.579286,0.651390,0.604241,0.577807,0.589962,0.035706,0.524419,0.524419,0.559197,0.589610,0.624948,0.651390,0.651390
0.595150,0.578433,0.597648,0.542863,0.538313,0.576338,0.563003,0.577805,0.625618,0.582381,0.568046,0.576872,0.024677,0.538313,0.538313,0.542863,0.577805,0.597648,0.625618,0.625618
0.600763,0.611078,0.617822,0.550965,0.563407,0.624612,0.572129,0.556840,0.636334,0.612520,0.578380,0.593168,0.029767,0.550965,0.550965,0.556840,0.600763,0.624612,0.636334,0.636334
0.582955,0.581219,0.591202,0.546385,0.545263,0.580995,0.584059,0.572768,0.608625,0.594756,0.564464,0.577517,0.019372,0.545263,0.545263,0.546385,0.581219,0.594756,0.608625,0.608625
0.600763,0.599988,0.626305,0.551695,0.561992,0.629471,0.563947,0.574257,0.634587,0.614390,0.573755,0.593741,0.029938,0.551695,0.551695,0.561992,0.599988,0.629471,0.634587,0.634587
0.593350,0.576940,0.583345,0.551695,0.544520,0.590130,0.559298,0.574079,0.617230,0.613917,0.558755,0.578478,0.024057,0.544520,0.544520,0.551695,0.576940,0.613917,0.617230,0.617230
0.582955,0.599988,0.616733,0.536096,0.552548,0.624612,0.565431,0.570954,0.608048,0.590215,0.571607,0.583562,0.027468,0.536096,0.536096,0.552548,0.582955,0.616733,0.624612,0.624612
0.577062,0.584480,0.581700,0.530765,0.536962,0.585432,0.567114,0.583433,0.610255,0.597754,0.558755,0.573974,0.024078,0.530765,0.530765,0.536962,0.581700,0.597754,0.610255,0.610255
0.552730,0.581513,0.605867,0.528988,0.541906,0.567255,0.572947,0.576599,0.581715,0.565562,0.563504,0.567144,0.020875,0.528988,0.528988,0.541906,0.567255,0.581715,0.605867,0.605867
0.538456,0.570553,0.551659,0.531192,0.524509,0.556823,0.540235,0.554581,0.573938,0.581761,0.541411,0.551374,0.018329,0.524509,0.524509,0.531192,0.551659,0.573938,0.581761,0.581761
0.549634,0.568371,0.572227,0.540299,0.542041,0.573089,0.559533,0.567804,0.578836,0.580198,0.553284,0.562302,0.014212,0.540299,0.540299,0.542041,0.567804,0.578836,0.580198,0.580198
0.525127,0.570553,0.544189,0.532019,0.530769,0.549778,0.538076,0.548346,0.586116,0.577648,0.534522,0.548831,0.020509,0.525127,0.525127,0.530769,0.544189,0.577648,0.586116,0.586116
0.582144,0.566771,0.597648,0.545883,0.543645,0.575973,0.568617,0.573086,0.609894,0.591265,0.564464,0.574490,0.020244,0.543645,0.543645,0.545883,0.573086,0.597648,0.609894,0.609894
0.582144,0.575803,0.597648,0.563052,0.543780,0.575973,0.568617,0.571300,0.616870,0.591265,0.562308,0.577160,0.019659,0.543780,0.543780,0.562308,0.575803,0.597648,0.616870,0.616870
0.549634,0.579762,0.583270,0.560028,0.530701,0.563477,0.566379,0.577075,0.580359,0.591894,0.545882,0.566224,0.018566,0.530701,0.530701,0.545882,0.566379,0.583270,0.591894,0.591894
0.536782,0.573831,0.551659,0.543440,0.532784,0.560375,0.552562,0.556024,0.586560,0.587530,0.534020,0.555961,0.019609,0.532784,0.532784,0.534020,0.552562,0.586560,0.587530,0.587530
0.515688,0.559357,0.559796,0.500165,0.523608,0.525682,0.553614,0.550963,0.549262,0.536032,0.534495,0.537151,0.019407,0.500165,0.500165,0.515688,0.536032,0.559357,0.559796,0.559796
0.530747,0.573097,0.528286,0.518848,0.491125,0.514775,0.559674,0.521442,0.554787,0.530996,0.523112,0.531535,0.023063,0.491125,0.491125,0.514775,0.528286,0.559674,0.573097,0.573097
0.523631,0.552801,0.525714,0.505515,0.481705,0.514775,0.551860,0.543875,0.570755,0.530996,0.528393,0.530002,0.024652,0.481705,0.481705,0.505515,0.528393,0.552801,0.570755,0.570755
0.517844,0.552801,0.534044,0.522021,0.481162,0.514775,0.541897,0.538714,0.566699,0.526513,0.528393,0.529533,0.022229,0.481162,0.481162,0.514775,0.528393,0.552801,0.566699,0.566699
0.515941,0.561059,0.552914,0.488602,0.521523,0.519447,0.554177,0.545067,0.548650,0.535666,0.542634,0.535062,0.021572,0.488602,0.488602,0.515941,0.542634,0.554177,0.561059,0.561059
0.510955,0.562909,0.561417,0.490640,0.511274,0.537353,0.568582,0.531556,0.553849,0.529422,0.532093,0.535459,0.024745,0.490640,0.490640,0.510955,0.532093,0.562909,0.568582,0.568582
0.531766,0.554062,0.535892,0.526664,0.499472,0.524519,0.540806,0.536385,0.573388,0.525679,0.493378,0.531092,0.022309,0.493378,0.493378,0.499472,0.531766,0.554062,0.573388,0.573388
0.517368,0.552138,0.564812,0.500165,0.515045,0.535409,0.567488,0.533828,0.550510,0.530164,0.522617,0.535413,0.021395,0.500165,0.500165,0.515045,0.533828,0.564812,0.567488,0.567488
0.518274,0.563681,0.553364,0.506998,0.507713,0.535509,0.549430,0.547976,0.564031,0.530090,0.531177,0.537113,0.020439,0.506998,0.506998,0.507713,0.535509,0.563681,0.564031,0.564031
0.526824,0.544405,0.537093,0.506998,0.500947,0.524519,0.565243,0.547976,0.558421,0.535959,0.531177,0.534506,0.019641,0.500947,0.500947,0.506998,0.535959,0.558421,0.565243,0.565243
0.519796,0.550782,0.554880,0.478763,0.498700,0.535409,0.561673,0.523515,0.550510,0.531470,0.523936,0.529949,0.025088,0.478763,0.478763,0.498700,0.531470,0.554880,0.561673,0.561673
0.517844,0.554062,0.533260,0.532875,0.501431,0.525682,0.507021,0.526072,0.578864,0.522884,0.517102,0.528827,0.021711,0.501431,0.501431,0.507021,0.525682,0.554062,0.578864,0.578864
0.530844,0.587198,0.559265,0.507887,0.523608,0.529599,0.565507,0.558554,0.566172,0.526133,0.551430,0.546018,0.023865,0.507887,0.507887,0.523608,0.551430,0.566172,0.587198,0.587198
0.527293,0.555435,0.552273,0.517239,0.485855,0.540613,0.548204,0.543268,0.574722,0.530452,0.523280,0.536239,0.023450,0.485855,0.485855,0.517239,0.540613,0.555435,0.574722,0.574722
0.523713,0.569996,0.563939,0.501429,0.523608,0.522190,0.553124,0.546354,0.565123,0.540637,0.537688,0.540709,0.021577,0.501429,0.501429,0.522190,0.540637,0.565123,0.569996,0.569996
0.512416,0.525385,0.535828,0.502961,0.495699,0.535409,0.525922,0.523515,0.566499,0.531310,0.498349,0.523027,0.020398,0.495699,0.495699,0.498349,0.525385,0.535828,0.566499,0.566499
0.524920,0.559183,0.541659,0.497420,0.517156,0.514775,0.572655,0.561577,0.544912,0.536864,0.505851,0.534270,0.024373,0.497420,0.497420,0.505851,0.536864,0.561577,0.572655,0.572655
0.535988,0.557125,0.546688,0.500691,0.498118,0.510907,0.576354,0.571267,0.563578,0.528787,0.521185,0.537335,0.027851,0.498118,0.498118,0.500691,0.535988,0.571267,0.576354,0.576354
0.511458,0.562909,0.567201,0.490640,0.511274,0.519171,0.543392,0.546071,0.563242,0.526987,0.519746,0.532917,0.025281,0.490640,0.490640,0.511274,0.526987,0.563242,0.567201,0.567201
0.525901,0.541524,0.537881,0.530396,0.501974,0.526547,0.542406,0.540404,0.563637,0.522904,0.519438,0.532092,0.015864,0.501974,0.501974,0.519438,0.530396,0.542406,0.563637,0.563637
0.518601,0.574553,0.557513,0.495358,0.514405,0.529599,0.562014,0.531047,0.566172,0.533756,0.541321,0.538576,0.024460,0.495358,0.495358,0.514405,0.533756,0.566172,0.574553,0.574553
0.520177,0.549155,0.549698,0.534528,0.496557,0.538575,0.520777,0.530903,0.591054,0.551549,0.531405,0.537671,0.023867,0.496557,0.496557,0.520177,0.534528,0.551549,0.591054,0.591054
0.509777,0.567902,0.552483,0.479083,0.503678,0.523091,0.553124,0.550794,0.548650,0.546067,0.542634,0.534299,0.026858,0.479083,0.479083,0.503678,0.546067,0.553124,0.567902,0.567902
0.535612,0.551631,0.538233,0.516417,0.499993,0.526547,0.539837,0.523515,0.559915,0.526987,0.504099,0.529344,0.018366,0.499993,0.499993,0.504099,0.526987,0.551631,0.559915,0.559915
0.512416,0.551828,0.537507,0.478763,0.495699,0.528045,0.532943,0.523515,0.554586,0.527845,0.503512,0.522424,0.023190,0.478763,0.478763,0.495699,0.527845,0.551828,0.554586,0.554586
0.508993,0.538201,0.533260,0.518975,0.501431,0.514775,0.517396,0.531247,0.557049,0.516069,0.498450,0.521440,0.017217,0.498450,0.498450,0.501431,0.517396,0.538201,0.557049,0.557049
0.510955,0.543029,0.546835,0.483130,0.504758,0.528839,0.554177,0.536316,0.545727,0.525450,0.534495,0.528519,0.021307,0.483130,0.483130,0.504758,0.534495,0.546835,0.554177,0.554177
0.512383,0.555037,0.554353,0.498010,0.496365,0.537353,0.558713,0.546734,0.552602,0.532389,0.528307,0.533841,0.022805,0.496365,0.496365,0.498010,0.537353,0.555037,0.558713,0.558713
0.530844,0.571683,0.567361,0.510252,0.523608,0.535409,0.561186,0.533715,0.574130,0.531470,0.541321,0.543726,0.021415,0.510252,0.510252,0.523608,0.535409,0.571683,0.574130,0.574130
0.517802,0.557032,0.537746,0.519060,0.501974,0.514775,0.524310,0.526072,0.578757,0.539677,0.517695,0.530445,0.021782,0.501974,0.501974,0.514775,0.524310,0.557032,0.578757,0.578757
0.510841,0.564764,0.539815,0.470152,0.529496,0.522985,0.555589,0.536146,0.548650,0.535666,0.542634,0.532431,0.025437,0.470152,0.470152,0.510841,0.536146,0.555589,0.564764,0.564764
0.521725,0.552607,0.561578,0.491688,0.495699,0.526547,0.544305,0.523515,0.563977,0.526987,0.505129,0.528523,0.024976,0.491688,0.491688,0.495699,0.526547,0.561578,0.563977,0.563977
0.537393,0.577384,0.551572,0.535207,0.515045,0.526985,0.570737,0.548996,0.572209,0.532303,0.515672,0.543955,0.022126,0.515045,0.515045,0.515672,0.537393,0.572209,0.577384,0.577384
0.524505,0.557032,0.550946,0.526253,0.492159,0.526985,0.574546,0.544052,0.576130,0.530996,0.523432,0.538822,0.024805,0.492159,0.492159,0.523432,0.530996,0.574546,0.576130,0.576130
0.522192,0.570496,0.570742,0.510687,0.532180,0.516427,0.562630,0.568040,0.558527,0.544765,0.512338,0.542639,0.024538,0.510687,0.510687,0.512338,0.544765,0.570496,0.570742,0.570742
0.528469,0.567926,0.537140,0.498010,0.515566,0.526547,0.548794,0.536857,0.569617,0.532789,0.495610,0.532484,0.024141,0.495610,0.495610,0.498010,0.532789,0.567926,0.569617,0.569617
0.540428,0.584035,0.596080,0.520911,0.533956,0.525067,0.546755,0.548010,0.581544,0.543776,0.531784,0.550213,0.025452,0.520911,0.520911,0.525067,0.543776,0.584035,0.596080,0.596080
0.539907,0.579762,0.576188,0.542605,0.519506,0.516712,0.541530,0.540072,0.589130,0.537767,0.520605,0.545799,0.025074,0.516712,0.516712,0.519506,0.540072,0.579762,0.589130,0.589130
0.515324,0.567383,0.566625,0.492273,0.536458,0.516321,0.544427,0.558203,0.558527,0.540698,0.512338,0.537143,0.025078,0.492273,0.492273,0.512338,0.540698,0.566625,0.567383,0.567383
0.523187,0.548559,0.557884,0.498010,0.515937,0.526547,0.550154,0.546665,0.558800,0.529907,0.515112,0.533706,0.019963,0.498010,0.498010,0.515112,0.529907,0.557884,0.558800,0.558800
0.515827,0.547459,0.552914,0.491537,0.544017,0.510564,0.533281,0.554475,0.567358,0.542001,0.496846,0.532389,0.025040,0.491537,0.491537,0.496846,0.542001,0.554475,0.567358,0.567358
0.512049,0.548221,0.561021,0.518913,0.512504,0.529037,0.545724,0.544697,0.561089,0.525492,0.500762,0.532683,0.020670,0.500762,0.500762,0.512049,0.529037,0.561021,0.561089,0.561089
0.530625,0.578349,0.542695,0.530329,0.513772,0.526646,0.541977,0.567700,0.564346,0.521595,0.533217,0.541023,0.020646,0.513772,0.513772,0.521595,0.533217,0.567700,0.578349,0.578349
0.528142,0.536802,0.534981,0.548279,0.486838,0.532699,0.539127,0.542644,0.568361,0.537372,0.529005,0.534932,0.019446,0.486838,0.486838,0.528142,0.536802,0.548279,0.568361,0.568361
0.515827,0.563172,0.573425,0.515778,0.533956,0.517947,0.559371,0.554626,0.567096,0.540876,0.510370,0.541131,0.023529,0.510370,0.510370,0.515778,0.540876,0.567096,0.573425,0.573425
0.532720,0.569457,0.580799,0.521582,0.517398,0.527808,0.536049,0.540079,0.582502,0.535126,0.520605,0.542193,0.023985,0.517398,0.517398,0.520605,0.535126,0.580799,0.582502,0.582502
0.538754,0.566156,0.568946,0.524975,0.534261,0.510943,0.544478,0.555002,0.576211,0.537442,0.502193,0.541760,0.023632,0.502193,0.502193,0.510943,0.538754,0.568946,0.576211,0.576211
0.516854,0.561610,0.557797,0.535882,0.516781,0.509703,0.534221,0.544697,0.576863,0.525492,0.514982,0.535898,0.022043,0.509703,0.509703,0.514982,0.534221,0.561610,0.576863,0.576863
0.532780,0.559015,0.553747,0.531506,0.502110,0.519982,0.550149,0.540404,0.577083,0.522904,0.514006,0.536699,0.021995,0.502110,0.502110,0.514006,0.532780,0.559015,0.577083,0.577083
0.510765,0.542864,0.559938,0.491686,0.545756,0.517979,0.550341,0.531369,0.546486,0.524654,0.513595,0.530494,0.020676,0.491686,0.491686,0.510765,0.531369,0.550341,0.559938,0.559938
0.530844,0.576932,0.572605,0.515824,0.529324,0.545483,0.539343,0.562974,0.569582,0.538746,0.536149,0.547073,0.020270,0.515824,0.515824,0.529324,0.539343,0.572605,0.576932,0.576932
0.539704,0.572644,0.566910,0.550943,0.516668,0.563575,0.555555,0.540072,0.596163,0.577192,0.547039,0.556952,0.021629,0.516668,0.516668,0.539704,0.555555,0.577192,0.596163,0.596163
0.525473,0.560899,0.572464,0.547159,0.516668,0.528302,0.537140,0.556745,0.579062,0.552157,0.507399,0.543952,0.022995,0.507399,0.507399,0.516668,0.547159,0.572464,0.579062,0.579062
0.522717,0.554862,0.557635,0.543631,0.514506,0.512995,0.533614,0.538800,0.579062,0.540246,0.515449,0.537592,0.020809,0.512995,0.512995,0.514506,0.538800,0.557635,0.579062,0.579062
0.550535,0.571480,0.566910,0.548786,0.520177,0.563424,0.541714,0.555166,0.574308,0.554474,0.546560,0.553958,0.015377,0.520177,0.520177,0.541714,0.554474,0.571480,0.574308,0.574308
0.530555,0.562730,0.565163,0.546333,0.512898,0.540281,0.555555,0.540072,0.562723,0.563296,0.534657,0.546751,0.016858,0.512898,0.512898,0.530555,0.546333,0.563296,0.565163,0.565163
0.547550,0.576108,0.600267,0.523348,0.524441,0.558117,0.544004,0.573570,0.587386,0.536316,0.535564,0.555152,0.025955,0.523348,0.523348,0.524441,0.547550,0.587386,0.600267,0.600267
0.538796,0.557356,0.550004,0.525845,0.527971,0.532699,0.538119,0.548793,0.546021,0.524031,0.501543,0.535562,0.015606,0.501543,0.501543,0.524031,0.538119,0.550004,0.557356,0.557356
0.515324,0.557594,0.548594,0.491537,0.533257,0.508534,0.508129,0.540656,0.558061,0.530284,0.505419,0.527035,0.022716,0.491537,0.491537,0.505419,0.530284,0.557594,0.558061,0.558061
0.507387,0.548403,0.548594,0.503485,0.533386,0.516427,0.528762,0.549678,0.562126,0.525290,0.498831,0.529306,0.021222,0.498831,0.498831,0.503485,0.528762,0.549678,0.562126,0.562126
0.552487,0.564808,0.566910,0.549054,0.520042,0.555556,0.536234,0.555166,0.589095,0.550060,0.547039,0.553314,0.017531,0.520042,0.520042,0.536234,0.552487,0.566910,0.589095,0.589095
0.529313,0.558068,0.556702,0.550354,0.525916,0.558416,0.555555,0.548751,0.590552,0.582677,0.541827,0.554376,0.019467,0.525916,0.525916,0.529313,0.555555,0.582677,0.590552,0.590552
0.530844,0.576932,0.574334,0.532302,0.513772,0.526520,0.540351,0.555166,0.575595,0.543048,0.533133,0.545636,0.021817,0.513772,0.513772,0.526520,0.540351,0.575595,0.576932,0.576932
0.522010,0.558867,0.563524,0.550354,0.512762,0.551848,0.555555,0.550665,0.584370,0.551621,0.540631,0.549292,0.019320,0.512762,0.512762,0.522010,0.551621,0.563524,0.584370,0.584370
0.504545,0.530320,0.528579,0.456240,0.551603,0.511334,0.549772,0.513007,0.518026,0.494154,0.524021,0.516509,0.026547,0.456240,0.456240,0.494154,0.518026,0.549772,0.551603,0.551603
0.505931,0.529239,0.549691,0.462282,0.534957,0.511433,0.537472,0.513007,0.542239,0.506563,0.528675,0.520135,0.024285,0.462282,0.462282,0.505931,0.528675,0.542239,0.549691,0.549691
0.512879,0.519732,0.521596,0.450904,0.541070,0.510106,0.549603,0.513288,0.522092,0.491909,0.515684,0.513533,0.025774,0.450904,0.450904,0.491909,0.515684,0.541070,0.549603,0.549603
0.484978,0.504486,0.510658,0.463546,0.541191,0.520945,0.516109,0.496951,0.509486,0.476309,0.536180,0.505531,0.023909,0.463546,0.463546,0.476309,0.509486,0.536180,0.541191,0.541191
0.502318,0.498800,0.510658,0.451215,0.530630,0.517769,0.536754,0.516321,0.520330,0.490255,0.531623,0.509698,0.024177,0.451215,0.451215,0.490255,0.516321,0.531623,0.536754,0.536754
0.498724,0.529750,0.510644,0.453336,0.528445,0.515287,0.548853,0.512367,0.533199,0.492843,0.527622,0.513734,0.025693,0.453336,0.453336,0.492843,0.515287,0.533199,0.548853,0.548853
0.495320,0.490785,0.495125,0.446995,0.553397,0.506309,0.481768,0.503723,0.499404,0.479094,0.495565,0.495226,0.025266,0.446995,0.446995,0.479094,0.495320,0.506309,0.553397,0.553397
0.494875,0.485881,0.512234,0.439915,0.549709,0.497947,0.498180,0.493550,0.500173,0.480068,0.506150,0.496244,0.026049,0.439915,0.439915,0.480068,0.497947,0.512234,0.549709,0.549709
0.529202,0.558199,0.576384,0.484227,0.544821,0.527929,0.567367,0.539698,0.549024,0.509473,0.540018,0.538758,0.026070,0.484227,0.484227,0.509473,0.540018,0.567367,0.576384,0.576384
0.512879,0.531166,0.529044,0.462865,0.532533,0.533097,0.559849,0.513288,0.523203,0.504528,0.544961,0.522492,0.025075,0.462865,0.462865,0.504528,0.529044,0.544961,0.559849,0.559849
0.524744,0.580162,0.534105,0.507348,0.507046,0.524214,0.569976,0.545371,0.553850,0.542080,0.523078,0.537452,0.023707,0.507046,0.507046,0.507348,0.534105,0.569976,0.580162,0.580162
0.519649,0.548579,0.540210,0.514273,0.506079,0.525457,0.594096,0.545647,0.561348,0.542775,0.542502,0.540056,0.024372,0.506079,0.506079,0.514273,0.542502,0.561348,0.594096,0.594096
0.513437,0.525979,0.527714,0.487199,0.527345,0.515521,0.541684,0.532392,0.524801,0.502068,0.525022,0.520287,0.015103,0.487199,0.487199,0.502068,0.525022,0.532392,0.541684,0.541684
0.513437,0.509772,0.509512,0.484260,0.516696,0.507998,0.526010,0.530905,0.519958,0.506100,0.525022,0.513606,0.012703,0.484260,0.484260,0.506100,0.513437,0.526010,0.530905,0.530905
0.526026,0.589341,0.549552,0.492427,0.533559,0.521499,0.544984,0.549621,0.554616,0.556373,0.546169,0.542197,0.024397,0.492427,0.492427,0.521499,0.546169,0.556373,0.589341,0.589341
0.513437,0.523316,0.527714,0.483259,0.527345,0.519210,0.526261,0.518980,0.511411,0.507641,0.528675,0.517023,0.013276,0.483259,0.483259,0.507641,0.519210,0.527714,0.528675,0.528675
0.581440,0.570566,0.571046,0.547918,0.520042,0.570030,0.557744,0.564353,0.591725,0.553688,0.556868,0.562311,0.018863,0.520042,0.520042,0.547918,0.564353,0.581440,0.591725,0.591725
0.553630,0.581055,0.569303,0.543472,0.511933,0.573663,0.554437,0.549635,0.588475,0.563814,0.557907,0.558848,0.020723,0.511933,0.511933,0.543472,0.557907,0.581055,0.588475,0.588475
0.520962,0.548579,0.551076,0.525302,0.506678,0.528995,0.593169,0.527408,0.579860,0.533556,0.524674,0.540024,0.026186,0.506678,0.506678,0.520962,0.528995,0.579860,0.593169,0.593169
0.551765,0.523389,0.556725,0.540908,0.508955,0.520029,0.585420,0.516247,0.594187,0.549372,0.547439,0.544949,0.027376,0.508955,0.508955,0.516247,0.547439,0.585420,0.594187,0.594187
0.503100,0.545760,0.537096,0.494386,0.506700,0.517854,0.562827,0.545371,0.543697,0.542080,0.534495,0.530306,0.021559,0.494386,0.494386,0.503100,0.537096,0.545760,0.562827,0.562827
0.517791,0.528935,0.544399,0.525268,0.494952,0.530837,0.586435,0.540066,0.568975,0.538746,0.539296,0.537791,0.024309,0.494952,0.494952,0.517791,0.538746,0.568975,0.586435,0.586435
0.518241,0.572286,0.536737,0.502250,0.499103,0.517952,0.552257,0.542613,0.550512,0.519763,0.523347,0.530460,0.022502,0.499103,0.499103,0.502250,0.523347,0.552257,0.572286,0.572286
0.548320,0.526816,0.557654,0.538072,0.504134,0.538744,0.573083,0.548269,0.580356,0.574549,0.551777,0.549252,0.022424,0.504134,0.504134,0.526816,0.548320,0.574549,0.580356,0.580356
0.554193,0.576338,0.572616,0.556140,0.520042,0.552307,0.550690,0.558018,0.591857,0.570426,0.547633,0.559115,0.018679,0.520042,0.520042,0.547633,0.556140,0.576338,0.591857,0.591857
0.548682,0.572644,0.569303,0.550761,0.516273,0.534543,0.532708,0.537895,0.575659,0.555178,0.538204,0.548350,0.018719,0.516273,0.516273,0.532708,0.548682,0.572644,0.575659,0.575659
0.583506,0.557048,0.556725,0.548559,0.535724,0.565842,0.592122,0.538892,0.582385,0.566034,0.547253,0.561281,0.018670,0.535724,0.535724,0.538892,0.557048,0.583506,0.592122,0.592122
0.587822,0.543863,0.556725,0.548559,0.541969,0.555504,0.579412,0.529537,0.552666,0.566034,0.544175,0.555115,0.017042,0.529537,0.529537,0.541969,0.552666,0.579412,0.587822,0.587822
0.507102,0.521301,0.520858,0.453687,0.516049,0.521977,0.531467,0.520450,0.520759,0.495316,0.528675,0.512513,0.021877,0.453687,0.453687,0.495316,0.520759,0.528675,0.531467,0.531467
0.515040,0.517715,0.507830,0.450517,0.535262,0.512590,0.505677,0.515688,0.543697,0.490799,0.542814,0.512512,0.026144,0.450517,0.450517,0.490799,0.515040,0.542814,0.543697,0.543697
0.530844,0.574571,0.557223,0.510252,0.512046,0.537353,0.575393,0.533382,0.565578,0.523545,0.533179,0.541215,0.023454,0.510252,0.510252,0.512046,0.533382,0.574571,0.575393,0.575393
0.541908,0.542930,0.565260,0.539295,0.501974,0.562852,0.532866,0.533756,0.589188,0.540980,0.547878,0.545353,0.022082,0.501974,0.501974,0.532866,0.541908,0.565260,0.589188,0.589188
0.542466,0.574276,0.583430,0.541268,0.520674,0.554707,0.580734,0.545703,0.573289,0.587865,0.573649,0.561642,0.021748,0.520674,0.520674,0.541268,0.573289,0.583430,0.587865,0.587865
0.542466,0.566226,0.564300,0.541268,0.520674,0.538548,0.546850,0.530921,0.571762,0.560738,0.549231,0.548453,0.015903,0.520674,0.520674,0.530921,0.546850,0.566226,0.571762,0.571762
0.539313,0.556603,0.613355,0.529703,0.520253,0.530279,0.543161,0.572163,0.575002,0.576738,0.534385,0.553723,0.027976,0.520253,0.520253,0.529703,0.543161,0.576738,0.613355,0.613355
0.547825,0.562090,0.591130,0.521167,0.520253,0.530279,0.543161,0.572163,0.575095,0.562909,0.510477,0.548777,0.026130,0.510477,0.510477,0.520253,0.547825,0.575095,0.591130,0.591130
0.595356,0.586345,0.607158,0.560442,0.538916,0.551655,0.568228,0.556467,0.615922,0.594217,0.561300,0.576000,0.024992,0.538916,0.538916,0.551655,0.568228,0.607158,0.615922,0.615922
0.538188,0.576074,0.590071,0.531270,0.525930,0.542879,0.555967,0.559883,0.579205,0.554385,0.534624,0.553498,0.021244,0.525930,0.525930,0.531270,0.554385,0.579205,0.590071,0.590071
0.523811,0.565793,0.563274,0.500912,0.536916,0.503556,0.537081,0.556205,0.557813,0.546321,0.532018,0.538518,0.022366,0.500912,0.500912,0.503556,0.537081,0.563274,0.565793,0.565793
0.514146,0.565793,0.562442,0.490024,0.536916,0.515260,0.527459,0.554328,0.560523,0.542977,0.523177,0.535731,0.024149,0.490024,0.490024,0.514146,0.536916,0.562442,0.565793,0.565793
0.586770,0.593476,0.592112,0.571992,0.566928,0.611654,0.566271,0.553804,0.593446,0.585860,0.577132,0.581768,0.016355,0.553804,0.553804,0.566271,0.585860,0.593476,0.611654,0.611654
0.578310,0.568278,0.541984,0.562455,0.543046,0.569002,0.532782,0.538307,0.598558,0.593752,0.564009,0.562771,0.022072,0.532782,0.532782,0.538307,0.564009,0.593752,0.598558,0.598558
0.592978,0.604470,0.656309,0.571992,0.568434,0.627976,0.540255,0.560832,0.614824,0.611047,0.581923,0.593731,0.033382,0.540255,0.540255,0.560832,0.592978,0.627976,0.656309,0.656309
0.555632,0.565085,0.567362,0.547223,0.544529,0.569855,0.526745,0.551097,0.572576,0.596029,0.553537,0.559061,0.018090,0.526745,0.526745,0.544529,0.555632,0.572576,0.596029,0.596029
0.551625,0.579011,0.577684,0.537619,0.538152,0.582635,0.576148,0.539792,0.594777,0.592493,0.577339,0.567934,0.021857,0.537619,0.537619,0.538152,0.577339,0.592493,0.594777,0.594777
0.557617,0.576857,0.577684,0.552898,0.544529,0.576190,0.550198,0.537439,0.588974,0.592652,0.557706,0.564795,0.018487,0.537439,0.537439,0.544529,0.557706,0.588974,0.592652,0.592652
0.577827,0.574276,0.608835,0.550731,0.531179,0.551555,0.572707,0.553105,0.598212,0.598188,0.573649,0.571842,0.023802,0.531179,0.531179,0.550731,0.573649,0.598212,0.608835,0.608835
0.544681,0.574276,0.577684,0.540999,0.536667,0.564201,0.572786,0.536651,0.571789,0.563835,0.574830,0.559854,0.016602,0.536651,0.536651,0.536667,0.564201,0.574830,0.577684,0.577684
0.560994,0.570532,0.556151,0.522780,0.532997,0.550908,0.560207,0.554372,0.575149,0.575635,0.555974,0.555973,0.016332,0.522780,0.522780,0.532997,0.556151,0.575149,0.575635,0.575635
0.569723,0.551389,0.572424,0.534897,0.526409,0.561401,0.501320,0.541145,0.574780,0.580441,0.523165,0.548827,0.025499,0.501320,0.501320,0.523165,0.551389,0.574780,0.580441,0.580441
0.543416,0.567244,0.572115,0.515035,0.530195,0.529562,0.556907,0.559021,0.583316,0.570923,0.545627,0.552124,0.021233,0.515035,0.515035,0.529562,0.556907,0.572115,0.583316,0.583316
0.543416,0.561348,0.566274,0.506155,0.516859,0.525556,0.553365,0.550629,0.572132,0.558244,0.539247,0.544839,0.021089,0.506155,0.506155,0.516859,0.550629,0.566274,0.572132,0.572132
0.547898,0.562090,0.592297,0.528144,0.515254,0.542552,0.538238,0.566026,0.578973,0.562909,0.536265,0.551877,0.022872,0.515254,0.515254,0.528144,0.547898,0.578973,0.592297,0.592297
0.543414,0.556683,0.567657,0.541787,0.539438,0.535043,0.543213,0.576726,0.575095,0.574392,0.547059,0.554591,0.016014,0.535043,0.535043,0.539438,0.547059,0.575095,0.576726,0.576726
0.536867,0.568162,0.585984,0.530353,0.509265,0.517596,0.525842,0.552109,0.573769,0.568376,0.533904,0.545657,0.025367,0.509265,0.509265,0.517596,0.536867,0.573769,0.585984,0.585984
0.536867,0.549002,0.583101,0.508161,0.511789,0.518066,0.508263,0.550629,0.585948,0.541999,0.509362,0.536653,0.028793,0.508161,0.508161,0.508263,0.536867,0.583101,0.585948,0.585948
0.574411,0.562688,0.606017,0.542726,0.511672,0.559545,0.530949,0.544183,0.612711,0.580749,0.554964,0.561874,0.030425,0.511672,0.511672,0.530949,0.559545,0.606017,0.612711,0.612711
0.558355,0.558068,0.574357,0.541286,0.513281,0.520020,0.515245,0.539332,0.585230,0.568126,0.535256,0.546232,0.024503,0.513281,0.513281,0.515245,0.541286,0.574357,0.585230,0.585230
0.534648,0.551348,0.580418,0.521286,0.516859,0.528728,0.525842,0.539489,0.574386,0.543171,0.514205,0.539126,0.022032,0.514205,0.514205,0.516859,0.534648,0.574386,0.580418,0.580418
0.548317,0.537061,0.542300,0.540707,0.527498,0.538774,0.476557,0.542478,0.573417,0.584356,0.525604,0.539733,0.027501,0.476557,0.476557,0.525604,0.540707,0.573417,0.584356,0.584356
0.526731,0.556886,0.556230,0.520133,0.507045,0.522640,0.487540,0.538508,0.590531,0.536138,0.507611,0.531817,0.028534,0.487540,0.487540,0.507045,0.526731,0.556886,0.590531,0.590531
0.530631,0.556886,0.556230,0.515870,0.507045,0.517947,0.487540,0.528612,0.590531,0.524032,0.507401,0.529339,0.028798,0.487540,0.487540,0.507045,0.524032,0.556886,0.590531,0.590531
0.534648,0.568162,0.572134,0.516721,0.502277,0.528157,0.526827,0.560525,0.578826,0.554751,0.534583,0.543419,0.024860,0.502277,0.502277,0.516721,0.534648,0.572134,0.578826,0.578826
0.534648,0.559488,0.563950,0.508841,0.503887,0.521494,0.526827,0.560525,0.583818,0.554751,0.513266,0.539227,0.026533,0.503887,0.503887,0.508841,0.534648,0.563950,0.583818,0.583818
0.517712,0.529772,0.543551,0.478331,0.540384,0.527576,0.523032,0.514415,0.526113,0.528000,0.524739,0.523057,0.017106,0.478331,0.478331,0.514415,0.526113,0.540384,0.543551,0.543551
0.523848,0.520097,0.528408,0.485688,0.518148,0.521155,0.533696,0.504648,0.535027,0.521079,0.508754,0.518232,0.014177,0.485688,0.485688,0.504648,0.521079,0.533696,0.535027,0.535027
0.522695,0.560195,0.566012,0.488535,0.548268,0.513309,0.548928,0.556873,0.535675,0.541502,0.517604,0.536327,0.023562,0.488535,0.488535,0.513309,0.541502,0.560195,0.566012,0.566012
0.514763,0.538017,0.562759,0.507986,0.518063,0.509422,0.547668,0.528443,0.561415,0.544966,0.501523,0.530457,0.021804,0.501523,0.501523,0.507986,0.528443,0.561415,0.562759,0.562759
0.522695,0.544561,0.550660,0.507097,0.541488,0.525548,0.573566,0.529536,0.526113,0.532931,0.543200,0.536127,0.017469,0.507097,0.507097,0.522695,0.532931,0.550660,0.573566,0.573566
0.519294,0.528883,0.531344,0.464960,0.537734,0.510242,0.532321,0.514577,0.528908,0.524822,0.517604,0.519154,0.019821,0.464960,0.464960,0.510242,0.524822,0.532321,0.537734,0.537734
0.512924,0.531252,0.516517,0.487012,0.524510,0.538507,0.539995,0.513543,0.526113,0.511620,0.522113,0.520373,0.014805,0.487012,0.487012,0.511620,0.522113,0.538507,0.539995,0.539995
0.474421,0.523897,0.498217,0.443577,0.559046,0.510485,0.517802,0.493550,0.504448,0.478759,0.499617,0.500347,0.029727,0.443577,0.443577,0.474421,0.499617,0.523897,0.559046,0.559046
0.511472,0.548942,0.534157,0.487692,0.568632,0.543366,0.544938,0.528623,0.530220,0.519573,0.538422,0.532367,0.021269,0.487692,0.487692,0.511472,0.534157,0.548942,0.568632,0.568632
0.524350,0.530945,0.558925,0.507659,0.518148,0.528529,0.542421,0.551408,0.535581,0.547086,0.524170,0.533566,0.015300,0.507659,0.507659,0.518148,0.530945,0.551408,0.558925,0.558925
0.524350,0.545927,0.545989,0.492229,0.517068,0.513742,0.516341,0.527870,0.541844,0.546941,0.501347,0.524877,0.018842,0.492229,0.492229,0.501347,0.524350,0.545989,0.546941,0.546941
0.528593,0.532887,0.532893,0.471196,0.556150,0.522934,0.521121,0.522105,0.530105,0.514268,0.533776,0.524184,0.020594,0.471196,0.471196,0.514268,0.528593,0.533776,0.556150,0.556150
0.511154,0.515935,0.534156,0.451752,0.546877,0.514054,0.503390,0.527969,0.536005,0.515578,0.513512,0.515489,0.024787,0.451752,0.451752,0.503390,0.515578,0.536005,0.546877,0.546877
0.519796,0.526436,0.531534,0.467306,0.558617,0.509846,0.532321,0.515449,0.528908,0.528449,0.517604,0.521479,0.022024,0.467306,0.467306,0.509846,0.526436,0.532321,0.558617,0.558617
0.514212,0.522647,0.556129,0.485394,0.514637,0.499537,0.539099,0.530330,0.554857,0.531542,0.498092,0.522407,0.022862,0.485394,0.485394,0.498092,0.522647,0.554857,0.556129,0.556129
0.517712,0.540221,0.530036,0.467306,0.537734,0.536437,0.541714,0.523985,0.519901,0.518871,0.536662,0.524598,0.021000,0.467306,0.467306,0.517712,0.530036,0.540221,0.541714,0.541714
0.517712,0.532792,0.537905,0.485688,0.537734,0.533664,0.536574,0.523985,0.519901,0.517986,0.513779,0.523429,0.015401,0.485688,0.485688,0.513779,0.523985,0.537734,0.537905,0.537905
0.516031,0.575092,0.553590,0.477413,0.533436,0.516384,0.542004,0.569398,0.519389,0.543372,0.527939,0.534004,0.027501,0.477413,0.477413,0.516031,0.533436,0.569398,0.575092,0.575092
0.538571,0.559574,0.574872,0.494581,0.536963,0.512444,0.539895,0.567555,0.557120,0.539539,0.536232,0.541577,0.023393,0.494581,0.494581,0.512444,0.539539,0.567555,0.574872,0.574872
0.530514,0.549433,0.547284,0.464352,0.568632,0.527721,0.547499,0.529374,0.524011,0.522158,0.544961,0.532358,0.026553,0.464352,0.464352,0.522158,0.530514,0.549433,0.568632,0.568632
0.505931,0.516511,0.520289,0.456766,0.551603,0.526108,0.517931,0.513007,0.524382,0.518527,0.524871,0.515993,0.022730,0.456766,0.456766,0.505931,0.518527,0.526108,0.551603,0.551603
0.517210,0.529001,0.528828,0.454902,0.564912,0.526108,0.531414,0.528504,0.528908,0.532380,0.538422,0.525508,0.026267,0.454902,0.454902,0.517210,0.528908,0.538422,0.564912,0.564912
0.508802,0.494568,0.514569,0.446161,0.551374,0.501316,0.474354,0.501466,0.523439,0.504604,0.487107,0.500705,0.026926,0.446161,0.446161,0.474354,0.501466,0.523439,0.551374,0.551374
0.524350,0.545927,0.529942,0.479795,0.517068,0.502823,0.533171,0.535900,0.537991,0.545958,0.511020,0.523995,0.020097,0.479795,0.479795,0.502823,0.529942,0.545927,0.545958,0.545958
0.512652,0.529001,0.517610,0.460199,0.554366,0.523628,0.547389,0.529374,0.528908,0.522158,0.530678,0.523269,0.024145,0.460199,0.460199,0.512652,0.528908,0.547389,0.554366,0.554366
0.522192,0.543675,0.549789,0.486330,0.541488,0.522770,0.562274,0.530406,0.526113,0.532722,0.530110,0.531625,0.019406,0.486330,0.486330,0.522192,0.530406,0.549789,0.562274,0.562274
0.545171,0.560612,0.554834,0.521998,0.542853,0.539087,0.559249,0.515126,0.551249,0.551244,0.563267,0.545881,0.015517,0.515126,0.515126,0.521998,0.551244,0.560612,0.563267,0.563267
0.526054,0.530930,0.551422,0.489945,0.530576,0.529441,0.526312,0.513543,0.554647,0.532933,0.524170,0.528179,0.017258,0.489945,0.489945,0.513543,0.529441,0.551422,0.554647,0.554647
0.596030,0.612847,0.623785,0.554563,0.582810,0.637975,0.611551,0.559224,0.625648,0.612841,0.592276,0.600868,0.026868,0.554563,0.554563,0.559224,0.611551,0.625648,0.637975,0.637975
0.605396,0.615393,0.631713,0.569918,0.582810,0.637975,0.614834,0.559224,0.625738,0.612841,0.592276,0.604374,0.025443,0.559224,0.559224,0.569918,0.612841,0.631713,0.637975,0.637975
0.591143,0.613843,0.633482,0.593155,0.593727,0.636031,0.586570,0.568007,0.620802,0.619751,0.596554,0.604824,0.021350,0.568007,0.568007,0.586570,0.596554,0.633482,0.636031,0.636031
0.611221,0.606579,0.633372,0.566571,0.584854,0.633782,0.568970,0.558606,0.622419,0.595622,0.599033,0.598275,0.026339,0.558606,0.558606,0.566571,0.599033,0.633372,0.633782,0.633782
0.584658,0.609800,0.611799,0.584234,0.593727,0.625438,0.602496,0.573634,0.623338,0.610360,0.597546,0.601548,0.016549,0.573634,0.573634,0.584234,0.602496,0.623338,0.625438,0.625438
0.585571,0.609800,0.611799,0.568308,0.572920,0.629327,0.599676,0.556285,0.623338,0.586994,0.604829,0.595350,0.023349,0.556285,0.556285,0.568308,0.599676,0.623338,0.629327,0.629327
0.596030,0.611078,0.629183,0.589585,0.593429,0.623142,0.600158,0.567508,0.618369,0.616301,0.592083,0.603351,0.018098,0.567508,0.567508,0.589585,0.600158,0.623142,0.629183,0.629183
0.613907,0.603362,0.623563,0.574950,0.580907,0.624542,0.582576,0.566038,0.622868,0.621855,0.581986,0.599687,0.022661,0.566038,0.566038,0.574950,0.603362,0.623563,0.624542,0.624542
0.578146,0.576535,0.594549,0.537849,0.541799,0.568049,0.565620,0.567088,0.600414,0.564272,0.560232,0.568596,0.018983,0.537849,0.537849,0.541799,0.567088,0.594549,0.600414,0.600414
0.545246,0.574123,0.552952,0.532803,0.519755,0.549713,0.569072,0.548914,0.566970,0.559538,0.558570,0.552514,0.016036,0.519755,0.519755,0.532803,0.552952,0.569072,0.574123,0.574123
0.538472,0.589607,0.583893,0.537366,0.524135,0.561995,0.574021,0.564119,0.575674,0.569615,0.567742,0.562422,0.020641,0.524135,0.524135,0.537366,0.567742,0.583893,0.589607,0.589607
0.542496,0.582077,0.582255,0.550878,0.528555,0.535300,0.558916,0.541605,0.575674,0.576815,0.565293,0.558169,0.019571,0.528555,0.528555,0.535300,0.558916,0.582077,0.582255,0.582255
0.608066,0.591816,0.622276,0.569480,0.583696,0.608170,0.615524,0.564183,0.623028,0.591330,0.581664,0.596294,0.020510,0.564183,0.564183,0.569480,0.591816,0.622276,0.623028,0.623028
0.605368,0.576995,0.591814,0.567417,0.546530,0.559827,0.587273,0.563778,0.606242,0.555762,0.559237,0.574567,0.020436,0.546530,0.546530,0.555762,0.567417,0.605368,0.606242,0.606242
0.608971,0.600776,0.620878,0.545135,0.573970,0.599410,0.593385,0.562071,0.622282,0.613821,0.597546,0.594386,0.024565,0.545135,0.545135,0.562071,0.599410,0.620878,0.622282,0.622282
0.608152,0.578480,0.553816,0.541298,0.540557,0.581423,0.580237,0.558977,0.598427,0.592854,0.562298,0.572411,0.022722,0.540557,0.540557,0.541298,0.578480,0.598427,0.608152,0.608152
0.587295,0.579567,0.591553,0.543311,0.551579,0.570360,0.602235,0.584628,0.600414,0.588668,0.560232,0.578167,0.019481,0.543311,0.543311,0.551579,0.584628,0.600414,0.602235,0.602235
0.575082,0.579567,0.591553,0.537849,0.544570,0.566676,0.588691,0.567948,0.577997,0.567462,0.560232,0.568875,0.016670,0.537849,0.537849,0.544570,0.567948,0.588691,0.591553,0.591553
0.613907,0.611078,0.651164,0.562668,0.590976,0.651655,0.579707,0.560081,0.618369,0.617286,0.586419,0.603937,0.031197,0.560081,0.560081,0.562668,0.611078,0.651164,0.651655,0.651655
0.623529,0.623316,0.642791,0.593155,0.593727,0.630640,0.585149,0.556952,0.618369,0.616301,0.582212,0.606013,0.025591,0.556952,0.556952,0.582212,0.616301,0.630640,0.642791,0.642791
0.596492,0.586345,0.598932,0.556936,0.538916,0.558570,0.578079,0.560559,0.600791,0.576815,0.567742,0.574561,0.019997,0.538916,0.538916,0.556936,0.576815,0.598932,0.600791,0.600791
0.578615,0.567181,0.573634,0.560028,0.536602,0.548568,0.580311,0.562204,0.579481,0.574470,0.567312,0.566219,0.013771,0.536602,0.536602,0.548568,0.567312,0.579481,0.580311,0.580311
0.592026,0.592180,0.619877,0.584583,0.586510,0.618641,0.579606,0.558496,0.625833,0.595606,0.594009,0.595215,0.019739,0.558496,0.558496,0.579606,0.592180,0.619877,0.625833,0.625833
0.603570,0.573710,0.589376,0.572294,0.573944,0.600792,0.568516,0.559358,0.608700,0.582834,0.568739,0.581985,0.016385,0.559358,0.559358,0.568516,0.573944,0.603570,0.608700,0.608700
0.566689,0.581837,0.579016,0.537849,0.524441,0.558416,0.587256,0.572937,0.597489,0.579184,0.567742,0.568441,0.021449,0.524441,0.524441,0.537849,0.572937,0.587256,0.597489,0.597489
0.549377,0.577560,0.561162,0.528356,0.527717,0.568800,0.588144,0.541342,0.570520,0.573488,0.568303,0.559524,0.020107,0.527717,0.527717,0.528356,0.568303,0.577560,0.588144,0.588144
0.588978,0.579716,0.598111,0.558896,0.547135,0.584382,0.603377,0.570926,0.597215,0.595914,0.569299,0.581268,0.017968,0.547135,0.547135,0.558896,0.584382,0.598111,0.603377,0.603377
0.577587,0.570839,0.564245,0.545617,0.547135,0.590108,0.591551,0.529811,0.597819,0.586457,0.569299,0.570042,0.021767,0.529811,0.529811,0.545617,0.570839,0.591551,0.597819,0.597819
0.580887,0.600325,0.622478,0.537936,0.565448,0.603186,0.591295,0.562089,0.622230,0.598733,0.587417,0.588366,0.025700,0.537936,0.537936,0.562089,0.591295,0.622230,0.622478,0.622478
0.578146,0.577643,0.614286,0.558359,0.555122,0.577693,0.593949,0.557823,0.598212,0.593594,0.565596,0.579129,0.019181,0.555122,0.555122,0.557823,0.577693,0.598212,0.614286,0.614286
0.547781,0.576760,0.576494,0.534482,0.549202,0.586201,0.565620,0.555401,0.570479,0.600357,0.567343,0.566375,0.018854,0.534482,0.534482,0.547781,0.567343,0.586201,0.600357,0.600357
0.551004,0.576760,0.568042,0.530446,0.538601,0.582597,0.583313,0.555401,0.570479,0.592129,0.567343,0.565101,0.019346,0.530446,0.530446,0.538601,0.568042,0.583313,0.592129,0.592129
0.506485,0.548942,0.529698,0.453553,0.564912,0.542055,0.548991,0.527969,0.523781,0.506885,0.554419,0.527972,0.030998,0.453553,0.453553,0.506485,0.529698,0.554419,0.564912,0.564912
0.505778,0.548942,0.515289,0.453553,0.539816,0.542152,0.533935,0.514041,0.523781,0.512288,0.513953,0.518503,0.025838,0.453553,0.453553,0.505778,0.515289,0.542152,0.548942,0.548942
0.506434,0.528806,0.522389,0.458581,0.564912,0.538910,0.549969,0.524428,0.530220,0.507297,0.528675,0.523693,0.027428,0.458581,0.458581,0.506434,0.528675,0.549969,0.564912,0.564912
0.510994,0.536124,0.526525,0.467306,0.537734,0.533269,0.535659,0.521708,0.526113,0.508951,0.520917,0.520482,0.020141,0.467306,0.467306,0.508951,0.526113,0.536124,0.537734,0.537734
0.552411,0.595756,0.570056,0.522336,0.544610,0.535614,0.590361,0.560350,0.569459,0.550764,0.556633,0.558941,0.021870,0.522336,0.522336,0.535614,0.556633,0.590361,0.595756,0.595756
0.540428,0.597971,0.586303,0.520911,0.526678,0.537469,0.604347,0.554494,0.568177,0.540414,0.554762,0.557450,0.028401,0.520911,0.520911,0.526678,0.554494,0.597971,0.604347,0.604347
0.522695,0.563499,0.559652,0.488683,0.552080,0.525763,0.561938,0.538921,0.526113,0.538045,0.543200,0.538235,0.022079,0.488683,0.488683,0.522695,0.538921,0.561938,0.563499,0.563499
0.524374,0.552774,0.575024,0.488535,0.548268,0.524139,0.564601,0.555396,0.553203,0.546067,0.537843,0.542748,0.023617,0.488535,0.488535,0.524139,0.548268,0.564601,0.575024,0.575024
0.511211,0.550071,0.540780,0.477355,0.575399,0.542118,0.518411,0.557555,0.527889,0.506688,0.559036,0.533319,0.028311,0.477355,0.477355,0.506688,0.540780,0.559036,0.575399,0.575399
0.489201,0.535148,0.536118,0.453336,0.539755,0.531352,0.524888,0.540230,0.527889,0.509848,0.538684,0.520586,0.027101,0.453336,0.453336,0.489201,0.531352,0.539755,0.540230,0.540230
0.490882,0.543247,0.527108,0.452227,0.560934,0.542152,0.507049,0.527969,0.535800,0.505231,0.537371,0.520906,0.030315,0.452227,0.452227,0.490882,0.527969,0.543247,0.560934,0.560934
0.506485,0.552503,0.549237,0.467619,0.539816,0.544065,0.555090,0.540230,0.523781,0.504184,0.559036,0.531095,0.028079,0.467619,0.467619,0.504184,0.540230,0.555090,0.559036,0.559036
0.502341,0.536731,0.513587,0.468276,0.564912,0.533828,0.525240,0.536664,0.523781,0.521259,0.535607,0.523839,0.024329,0.468276,0.468276,0.502341,0.525240,0.536731,0.564912,0.564912
0.509084,0.550520,0.556257,0.474876,0.552080,0.533730,0.544938,0.529001,0.549024,0.527428,0.548859,0.534163,0.024178,0.474876,0.474876,0.509084,0.544938,0.552080,0.556257,0.556257
0.513643,0.575315,0.566962,0.491686,0.541488,0.516887,0.549083,0.538921,0.549024,0.534062,0.530158,0.537021,0.023956,0.491686,0.491686,0.513643,0.538921,0.566962,0.575315,0.575315
0.509084,0.548942,0.547214,0.474876,0.568632,0.542055,0.540361,0.527969,0.523781,0.507819,0.559036,0.531797,0.026868,0.474876,0.474876,0.507819,0.540361,0.559036,0.568632,0.568632
0.498016,0.540233,0.527108,0.453553,0.534957,0.533828,0.508699,0.527969,0.543806,0.510635,0.537371,0.519652,0.026305,0.453553,0.453553,0.498016,0.527969,0.540233,0.543806,0.543806
0.516215,0.550520,0.547214,0.473544,0.568632,0.542055,0.540361,0.527969,0.523808,0.505231,0.547898,0.531223,0.026076,0.473544,0.473544,0.505231,0.540361,0.550520,0.568632,0.568632
