draw 1,draw 2,draw 3,draw 4,draw 5,draw 6,draw 7,draw 8,draw 9,draw 10,draw 11,mean,std, 2.50%, 5.00%,10.00%,50.00%,90.00%,95.00%,97.50%
0.196128,0.127404,0.109802,0.154226,0.029454,0.206976,0.151275,0.075128,0.196380,0.229786,0.128969,0.145957,0.060363,0.029454,0.029454,0.075128,0.151275,0.206976,0.229786,0.229786
0.103565,0.124214,0.111297,0.162585,0.019621,0.136902,0.232058,0.087805,0.233561,0.198085,0.145500,0.141381,0.063833,0.019621,0.019621,0.087805,0.136902,0.232058,0.233561,0.233561
0.113280,0.127404,0.124491,0.154226,0.011891,0.173741,0.138762,0.096619,0.214050,0.229786,0.097939,0.134744,0.059799,0.011891,0.011891,0.096619,0.127404,0.214050,0.229786,0.229786
0.108389,0.100252,0.128930,0.143739,0.019621,0.149813,0.141351,0.090322,0.256489,0.224236,0.135152,0.136208,0.063485,0.019621,0.019621,0.090322,0.135152,0.224236,0.256489,0.256489
0.192018,0.154117,0.115977,0.152266,0.056179,0.205259,0.201739,0.092541,0.205414,0.217557,0.149394,0.158405,0.052571,0.056179,0.056179,0.092541,0.154117,0.205414,0.217557,0.217557
0.208680,0.162472,0.129178,0.184379,0.059815,0.218095,0.219191,0.099460,0.214690,0.223769,0.133871,0.168509,0.056076,0.059815,0.059815,0.099460,0.184379,0.219191,0.223769,0.223769
0.217771,0.225376,0.154630,0.188448,0.146278,0.275253,0.230718,0.147656,0.232776,0.187141,0.156581,0.196602,0.042874,0.146278,0.146278,0.147656,0.188448,0.232776,0.275253,0.275253
0.221352,0.173413,0.150810,0.188448,0.172461,0.316021,0.170410,0.126841,0.237355,0.195447,0.130865,0.189402,0.053966,0.126841,0.126841,0.130865,0.173413,0.237355,0.316021,0.316021
0.194170,0.210804,0.148833,0.139037,0.058370,0.183279,0.199070,0.092258,0.225597,0.223348,0.134162,0.164448,0.054831,0.058370,0.058370,0.092258,0.183279,0.223348,0.225597,0.225597
0.159570,0.158193,0.109802,0.102605,0.072033,0.193346,0.199070,0.083353,0.226869,0.223348,0.125131,0.150302,0.055439,0.072033,0.072033,0.083353,0.158193,0.223348,0.226869,0.226869
0.097046,0.149838,0.157487,0.143739,0.036408,0.131491,0.202079,0.121174,0.229997,0.230674,0.133351,0.148480,0.057313,0.036408,0.036408,0.097046,0.143739,0.229997,0.230674,0.230674
0.098637,0.127404,0.157487,0.143739,0.036749,0.131491,0.150636,0.121174,0.229997,0.230674,0.133351,0.141940,0.054511,0.036749,0.036749,0.098637,0.133351,0.229997,0.230674,0.230674
0.230728,0.131683,0.142372,0.163247,0.059428,0.194364,0.151275,0.076931,0.199093,0.206335,0.096578,0.150185,0.055710,0.059428,0.059428,0.076931,0.151275,0.206335,0.230728,0.230728
0.115952,0.124214,0.109802,0.154226,0.010188,0.148044,0.127020,0.059304,0.196380,0.229786,0.121410,0.126939,0.059369,0.010188,0.010188,0.059304,0.124214,0.196380,0.229786,0.229786
0.192018,0.217901,0.150055,0.136827,0.107067,0.192074,0.264839,0.145922,0.239041,0.192941,0.156499,0.181380,0.047276,0.107067,0.107067,0.136827,0.192018,0.239041,0.264839,0.264839
0.214066,0.162472,0.146811,0.185578,0.091273,0.183529,0.216915,0.158275,0.211136,0.206109,0.137799,0.173996,0.039186,0.091273,0.091273,0.137799,0.183529,0.214066,0.216915,0.216915
0.159570,0.140038,0.109802,0.119243,0.008698,0.202619,0.201739,0.083769,0.191179,0.223348,0.129755,0.142705,0.062810,0.008698,0.008698,0.083769,0.140038,0.202619,0.223348,0.223348
0.157418,0.136848,0.096608,0.063265,0.032250,0.193088,0.216650,0.113677,0.239982,0.223769,0.155201,0.148069,0.067535,0.032250,0.032250,0.063265,0.155201,0.223769,0.239982,0.239982
0.194170,0.188370,0.146811,0.169148,0.068337,0.184297,0.184296,0.104611,0.224336,0.199897,0.125090,0.162669,0.046639,0.068337,0.068337,0.104611,0.184296,0.199897,0.224336,0.224336
0.188016,0.140038,0.109802,0.119243,0.047412,0.184297,0.174050,0.092258,0.198964,0.223348,0.141744,0.147197,0.052420,0.047412,0.047412,0.092258,0.141744,0.198964,0.223348,0.223348
0.207042,0.136848,0.142372,0.182547,0.079805,0.196141,0.166451,0.089284,0.223084,0.212686,0.135024,0.161026,0.048699,0.079805,0.079805,0.089284,0.166451,0.212686,0.223084,0.223084
0.204523,0.146641,0.142599,0.179045,0.155068,0.175358,0.142196,0.063781,0.175991,0.224630,0.119105,0.157176,0.043219,0.063781,0.063781,0.119105,0.155068,0.204523,0.224630,0.224630
0.221005,0.230401,0.161091,0.136827,0.185323,0.294209,0.228276,0.147373,0.246538,0.167766,0.131651,0.195496,0.052138,0.131651,0.131651,0.136827,0.185323,0.246538,0.294209,0.294209
0.241248,0.150979,0.150810,0.185578,0.146278,0.275253,0.216915,0.142451,0.210193,0.189235,0.144334,0.186661,0.044989,0.142451,0.142451,0.144334,0.185578,0.241248,0.275253,0.275253
0.192018,0.128493,0.100118,0.111626,0.019015,0.180252,0.175316,0.092258,0.225597,0.217557,0.148197,0.144586,0.061803,0.019015,0.019015,0.092258,0.148197,0.217557,0.225597,0.225597
0.161764,0.124214,0.115736,0.116328,0.004220,0.203155,0.192768,0.108365,0.236846,0.223769,0.141646,0.148074,0.066154,0.004220,0.004220,0.108365,0.141646,0.223769,0.236846,0.236846
0.167564,0.136848,0.088961,0.103804,0.047412,0.202619,0.171381,0.096122,0.189601,0.223348,0.119119,0.140616,0.054706,0.047412,0.047412,0.088961,0.136848,0.202619,0.223348,0.223348
0.162131,0.136848,0.109802,0.102605,0.031983,0.215231,0.171381,0.092150,0.189601,0.223348,0.119119,0.141291,0.057651,0.031983,0.031983,0.092150,0.136848,0.215231,0.223348,0.223348
0.158489,0.132569,0.127683,0.130016,0.066271,0.212686,0.171381,0.095989,0.221440,0.212686,0.125131,0.150394,0.050237,0.066271,0.066271,0.095989,0.132569,0.212686,0.221440,0.221440
0.239694,0.132569,0.142372,0.156742,0.124405,0.173741,0.138762,0.063781,0.222141,0.243728,0.136453,0.161308,0.054770,0.063781,0.063781,0.124405,0.142372,0.239694,0.243728,0.243728
0.191734,0.216270,0.152416,0.145616,0.146658,0.262945,0.219223,0.142168,0.250913,0.195447,0.148999,0.188399,0.044508,0.142168,0.142168,0.145616,0.191734,0.250913,0.262945,0.262945
0.208396,0.192277,0.152416,0.144417,0.088248,0.262945,0.219223,0.138196,0.206132,0.218898,0.148999,0.180013,0.049725,0.088248,0.088248,0.138196,0.192277,0.219223,0.262945,0.262945
0.065285,0.134331,0.152604,0.032733,0.036835,0.071463,0.052833,0.151240,0.162557,0.115002,0.086350,0.096476,0.048496,0.032733,0.032733,0.036835,0.086350,0.152604,0.162557,0.162557
0.083030,0.173585,0.043520,0.014102,0.010775,0.085784,-0.037379,0.131085,0.177771,0.116872,0.076010,0.079559,0.068254,-0.037379,-0.037379,0.010775,0.083030,0.173585,0.177771,0.177771
0.022122,0.170816,0.043520,0.014676,-0.008270,0.032759,-0.037379,0.136290,0.171981,0.101244,0.086350,0.066737,0.071542,-0.037379,-0.037379,-0.008270,0.043520,0.170816,0.171981,0.171981
0.130771,0.203910,0.146699,0.034748,0.035645,0.112791,0.212126,0.175863,0.261186,0.253601,0.181681,0.159002,0.076660,0.034748,0.034748,0.035645,0.175863,0.253601,0.261186,0.261186
0.092448,0.146402,0.070614,0.039840,0.050969,0.121725,0.084500,0.105601,0.191867,0.111505,0.115540,0.102819,0.043089,0.039840,0.039840,0.050969,0.105601,0.146402,0.191867,0.191867
0.136134,0.202307,0.132772,0.103183,0.061303,0.101531,0.201477,0.106462,0.242996,0.161718,0.087185,0.139733,0.056348,0.061303,0.061303,0.087185,0.132772,0.202307,0.242996,0.242996
0.143636,0.157471,0.140123,0.049321,0.028617,0.091829,0.155355,0.161653,0.265727,0.243957,0.148397,0.144189,0.071038,0.028617,0.028617,0.049321,0.148397,0.243957,0.265727,0.265727
0.054162,0.167626,0.039521,0.011245,0.006741,0.032759,0.016771,0.118606,0.218289,0.114662,0.090585,0.079179,0.069447,0.006741,0.006741,0.011245,0.054162,0.167626,0.218289,0.218289
0.085803,0.167626,0.070207,0.011245,0.006741,0.008305,0.024590,0.105601,0.221431,0.094533,0.078229,0.079483,0.068543,0.006741,0.006741,0.008305,0.078229,0.167626,0.221431,0.221431
0.057083,0.164668,0.086105,0.028031,0.036835,0.032759,0.025381,0.135022,0.209503,0.134699,0.086350,0.090585,0.062537,0.025381,0.025381,0.028031,0.086105,0.164668,0.209503,0.209503
0.058096,0.173585,0.077271,0.005344,0.025072,0.008305,-0.003023,0.073757,0.174503,0.086610,0.044399,0.065811,0.061592,-0.003023,-0.003023,0.005344,0.058096,0.173585,0.174503,0.174503
0.093192,0.178314,0.076667,0.066701,-0.000440,0.167016,0.142740,0.073757,0.170880,0.122960,0.083131,0.106811,0.055003,-0.000440,-0.000440,0.066701,0.093192,0.170880,0.178314,0.178314
0.095361,0.097629,0.054176,0.072570,-0.038304,0.121202,0.181714,0.073757,0.161655,0.096743,0.069500,0.089636,0.057779,-0.038304,-0.038304,0.054176,0.095361,0.161655,0.181714,0.181714
0.122917,0.193390,0.076329,0.051893,0.062609,0.130349,0.194650,0.128618,0.181980,0.180828,0.099646,0.129382,0.052892,0.051893,0.051893,0.062609,0.128618,0.193390,0.194650,0.194650
0.094441,0.199538,0.037194,0.045418,0.102803,0.167016,0.198598,0.114924,0.170657,0.177555,0.117702,0.129622,0.057423,0.037194,0.037194,0.045418,0.117702,0.198598,0.199538,0.199538
0.131192,0.191890,0.180248,0.077572,0.032801,0.129399,0.213995,0.145362,0.189396,0.186815,0.170628,0.149936,0.054662,0.032801,0.032801,0.077572,0.170628,0.191890,0.213995,0.213995
0.131192,0.163168,0.174195,0.066680,0.032801,0.083585,0.213995,0.105077,0.170237,0.160598,0.107044,0.128052,0.054206,0.032801,0.032801,0.066680,0.131192,0.174195,0.213995,0.213995
0.102281,0.199117,0.106712,0.047631,0.016198,0.101531,0.174804,0.082246,0.201773,0.155018,0.107220,0.117684,0.059623,0.016198,0.016198,0.047631,0.106712,0.199117,0.201773,0.201773
0.077140,0.174035,0.102273,0.033908,0.022845,0.122493,0.174804,0.114090,0.167193,0.097276,0.094254,0.107301,0.051574,0.022845,0.022845,0.033908,0.102273,0.174035,0.174804,0.174804
0.066546,0.164668,0.134708,0.028031,0.055880,0.068950,-0.002064,0.147501,0.146583,0.154611,0.086350,0.095615,0.056918,-0.002064,-0.002064,0.028031,0.086350,0.154611,0.164668,0.164668
0.035918,0.161478,0.043520,0.005344,0.039869,0.029267,-0.039747,0.131085,0.213401,0.101256,0.026182,0.067961,0.074946,-0.039747,-0.039747,0.005344,0.039869,0.161478,0.213401,0.213401
0.167951,0.193036,0.194937,0.106196,0.132403,0.211419,0.165235,0.101926,0.268626,0.215724,0.190112,0.177051,0.049688,0.101926,0.101926,0.106196,0.190112,0.215724,0.268626,0.268626
0.124182,0.214635,0.144872,0.063726,0.074333,0.130872,0.147994,0.136873,0.181980,0.186815,0.135075,0.140123,0.044843,0.063726,0.063726,0.074333,0.136873,0.186815,0.214635,0.214635
0.126578,0.191890,0.139227,0.087225,0.032033,0.114045,0.174013,0.095325,0.180171,0.205173,0.170628,0.137846,0.052811,0.032033,0.032033,0.087225,0.139227,0.191890,0.205173,0.205173
0.204875,0.205106,0.265469,0.148370,0.139461,0.222998,0.163820,0.182288,0.284497,0.158382,0.185671,0.196449,0.046644,0.139461,0.139461,0.148370,0.185671,0.265469,0.284497,0.284497
0.106648,0.205106,0.101350,0.063726,0.092040,0.141918,0.150297,0.123868,0.181980,0.186815,0.147297,0.136458,0.043820,0.063726,0.063726,0.092040,0.141918,0.186815,0.205106,0.205106
0.109858,0.168696,0.153925,0.050641,0.122809,0.165216,0.221814,0.123868,0.229546,0.189950,0.129117,0.151403,0.051959,0.050641,0.050641,0.109858,0.153925,0.221814,0.229546,0.229546
0.118798,0.219017,0.190041,0.061533,0.122809,0.192593,0.189195,0.123868,0.229546,0.207323,0.190112,0.167712,0.052641,0.061533,0.061533,0.118798,0.190041,0.219017,0.229546,0.229546
0.099679,0.176147,0.111880,0.055192,0.026057,0.147333,0.246695,0.156928,0.170209,0.099022,0.044939,0.121280,0.065876,0.026057,0.026057,0.044939,0.111880,0.176147,0.246695,0.246695
0.143121,0.097441,0.142672,0.083875,-0.011291,0.099787,0.225293,0.115307,0.182080,0.108545,0.097567,0.116763,0.059992,-0.011291,-0.011291,0.083875,0.108545,0.182080,0.225293,0.225293
0.061075,0.128137,0.153524,0.026495,0.087292,0.008914,0.094519,0.105489,0.051513,0.132518,0.028015,0.079772,0.048148,0.008914,0.008914,0.026495,0.087292,0.132518,0.153524,0.153524
0.057811,0.094355,0.165972,0.030714,0.062609,0.051887,0.081260,0.107702,0.141984,0.119582,0.047295,0.087379,0.042732,0.030714,0.030714,0.047295,0.081260,0.141984,0.165972,0.165972
0.106646,0.145498,0.110447,0.114869,0.067575,0.151253,0.117087,0.111210,0.236538,0.169408,0.096213,0.129704,0.045066,0.067575,0.067575,0.096213,0.114869,0.169408,0.236538,0.236538
0.097976,0.119545,0.074084,0.107763,0.040801,0.096349,0.059568,0.078505,0.197441,0.106643,0.075711,0.095853,0.040832,0.040801,0.040801,0.059568,0.096349,0.119545,0.197441,0.197441
0.066546,0.198934,0.189151,0.030036,0.087292,0.042138,0.147270,0.105489,0.169048,0.136263,0.020299,0.108406,0.064173,0.020299,0.020299,0.030036,0.105489,0.189151,0.198934,0.198934
0.085482,0.176954,0.148511,0.045213,0.035835,0.042138,0.083801,0.065596,0.151081,0.064701,0.069492,0.088073,0.048600,0.035835,0.035835,0.042138,0.069492,0.151081,0.176954,0.176954
0.052242,0.183774,0.106607,0.084075,0.040801,0.084975,0.086733,0.080692,0.174945,0.053496,0.047370,0.090519,0.048411,0.040801,0.040801,0.047370,0.084075,0.174945,0.183774,0.183774
0.030977,0.140975,0.122001,0.043531,0.025072,0.053757,0.069472,0.050206,0.204531,0.048877,0.029539,0.074449,0.057100,0.025072,0.025072,0.029539,0.050206,0.140975,0.204531,0.204531
0.087649,0.182012,0.153566,0.100893,0.101895,0.049044,0.254405,0.104534,0.145438,0.126982,0.120363,0.129707,0.054507,0.049044,0.049044,0.087649,0.120363,0.182012,0.254405,0.254405
0.089074,0.089748,0.147100,0.114787,0.038935,0.057405,0.265569,0.083759,0.159057,0.117270,0.120523,0.116657,0.060858,0.038935,0.038935,0.057405,0.114787,0.159057,0.265569,0.265569
0.043152,0.173352,0.139390,-0.018570,0.055038,0.037044,0.122430,0.133546,0.133758,0.123246,0.086573,0.093542,0.057652,-0.018570,-0.018570,0.037044,0.122430,0.139390,0.173352,0.173352
0.046093,0.220099,0.087662,0.017438,0.028264,0.037044,0.154523,0.085286,0.200264,0.077775,0.054501,0.091722,0.069614,0.017438,0.017438,0.028264,0.077775,0.200264,0.220099,0.220099
0.115131,0.149151,0.075162,0.098657,0.033279,0.166871,0.069311,0.075944,0.208381,0.096743,0.107712,0.108758,0.049679,0.033279,0.033279,0.069311,0.098657,0.166871,0.208381,0.208381
0.081091,0.063489,0.068701,0.097979,-0.031064,0.157588,0.081615,0.075017,0.190597,0.154485,0.094771,0.094024,0.059111,-0.031064,-0.031064,0.063489,0.081615,0.157588,0.190597,0.190597
0.061075,0.123077,0.167088,0.022986,0.087292,0.008914,0.152786,0.072103,0.150689,0.120022,0.085316,0.095577,0.052415,0.008914,0.008914,0.022986,0.087292,0.152786,0.167088,0.167088
0.071893,0.123141,0.096081,0.047292,0.036768,0.014348,0.086151,0.063032,0.166815,0.077109,0.009522,0.072014,0.046445,0.009522,0.009522,0.014348,0.071893,0.123141,0.166815,0.166815
0.066546,0.139331,0.185870,-0.010967,0.062609,0.027433,0.064299,0.097000,0.127153,0.125391,0.002508,0.080652,0.060885,-0.010967,-0.010967,0.002508,0.066546,0.139331,0.185870,0.185870
0.085482,0.120541,0.122392,0.055498,0.035835,0.052989,0.055949,0.074837,0.203022,0.099275,0.005981,0.082891,0.053150,0.005981,0.005981,0.035835,0.074837,0.122392,0.203022,0.203022
0.105386,0.163171,0.168071,0.024164,0.062609,0.052137,0.097304,0.100753,0.213173,0.124484,0.048872,0.105466,0.058133,0.024164,0.024164,0.048872,0.100753,0.168071,0.213173,0.213173
0.071893,0.154388,0.096081,0.037919,0.035835,0.039052,0.067169,0.081053,0.202959,0.105993,0.003408,0.081432,0.057498,0.003408,0.003408,0.035835,0.071893,0.154388,0.202959,0.202959
0.061075,0.121063,0.197430,0.023930,0.063542,0.014348,0.118636,0.106689,0.175520,0.106773,0.015237,0.091295,0.061964,0.014348,0.014348,0.015237,0.106689,0.175520,0.197430,0.197430
0.066546,0.166062,0.196509,0.030502,0.062609,0.089125,0.119709,0.069906,0.225248,0.134201,0.024511,0.107721,0.066586,0.024511,0.024511,0.030502,0.089125,0.196509,0.225248,0.225248
0.088724,0.166480,0.128445,0.061848,0.062609,0.066842,0.082080,0.069906,0.205648,0.134201,0.036286,0.100279,0.051890,0.036286,0.036286,0.061848,0.082080,0.166480,0.205648,0.205648
0.066546,0.158550,0.181027,0.027457,0.062609,0.073652,0.072298,0.121631,0.205784,0.149244,0.107238,0.111458,0.056503,0.027457,0.027457,0.062609,0.107238,0.181027,0.205784,0.205784
0.114350,0.138375,0.118035,0.074447,0.035835,0.066074,0.113579,0.074837,0.198123,0.104050,0.100832,0.103503,0.042723,0.035835,0.035835,0.066074,0.104050,0.138375,0.198123,0.198123
0.061075,0.127719,0.187514,0.043568,0.062609,0.008914,0.148401,0.075842,0.149056,0.134190,0.027738,0.093329,0.058357,0.008914,0.008914,0.027738,0.075842,0.149056,0.187514,0.187514
0.047639,0.143080,0.096081,0.044388,0.036768,0.014348,0.086151,0.038401,0.154013,0.107541,-0.006960,0.069223,0.051982,-0.006960,-0.006960,0.014348,0.047639,0.143080,0.154013,0.154013
0.061075,0.069953,0.106682,-0.010595,0.042796,0.016590,0.092456,0.083173,0.105104,0.094155,-0.000170,0.060111,0.042255,-0.010595,-0.010595,-0.000170,0.069953,0.105104,0.106682,0.106682
0.051612,0.093730,0.123551,0.011640,0.042796,0.056012,0.054949,0.093261,0.125581,0.088168,-0.016296,0.065909,0.044227,-0.016296,-0.016296,0.011640,0.056012,0.123551,0.125581,0.125581
0.109046,0.180918,0.199827,0.102307,0.067575,0.120181,0.040319,0.111712,0.277493,0.158546,0.107397,0.134120,0.066286,0.040319,0.040319,0.067575,0.111712,0.199827,0.277493,0.277493
0.101049,0.140480,0.074084,0.090940,0.051564,0.092016,0.013158,0.097712,0.195869,0.095739,0.075711,0.093484,0.046564,0.013158,0.013158,0.051564,0.092016,0.140480,0.195869,0.195869
0.114829,0.211943,0.228090,0.041191,0.061303,0.146637,0.146732,0.118927,0.197158,0.166219,0.154374,0.144309,0.058323,0.041191,0.041191,0.061303,0.146732,0.211943,0.228090,0.228090
0.084080,0.182630,0.183601,0.018827,0.051846,0.098106,0.128522,0.090110,0.189505,0.136978,0.109607,0.115801,0.055333,0.018827,0.018827,0.051846,0.109607,0.183601,0.189505,0.189505
0.084080,0.187272,0.131229,-0.008232,0.051846,0.081622,0.150185,0.103302,0.142119,0.136509,0.076416,0.103304,0.054119,-0.008232,-0.008232,0.051846,0.103302,0.150185,0.187272,0.187272
0.043152,0.088573,0.104074,0.003891,0.014470,0.035059,0.083443,0.093261,0.054006,0.073753,0.010737,0.054947,0.035935,0.003891,0.003891,0.010737,0.054006,0.093261,0.104074,0.104074
0.121648,0.149263,0.125136,0.131430,0.051564,0.187903,0.084468,0.131239,0.232339,0.187766,0.099922,0.136607,0.051265,0.051564,0.051564,0.084468,0.131239,0.187903,0.232339,0.232339
0.101049,0.149263,0.074084,0.120734,0.051905,0.174818,0.084468,0.096212,0.223305,0.121405,0.104081,0.118302,0.048673,0.051905,0.051905,0.074084,0.104081,0.174818,0.223305,0.223305
0.206702,0.149263,0.192286,0.151719,0.093962,0.154188,0.084672,0.158382,0.295339,0.160708,0.132935,0.161832,0.057002,0.084672,0.084672,0.093962,0.154188,0.206702,0.295339,0.295339
0.075276,0.169202,0.127137,0.120056,0.051905,0.137196,0.082080,0.066539,0.183294,0.151790,0.067619,0.112008,0.045562,0.051905,0.051905,0.066539,0.120056,0.169202,0.183294,0.183294
0.170947,0.145498,0.183038,0.149809,0.067188,0.165620,0.130840,0.100392,0.290456,0.179440,0.099922,0.153013,0.058722,0.067188,0.067188,0.099922,0.149809,0.183038,0.290456,0.290456
0.137261,0.165940,0.152288,0.130890,0.051564,0.173497,0.130840,0.089181,0.252408,0.139578,0.099922,0.138488,0.051711,0.051564,0.051564,0.089181,0.137261,0.173497,0.252408,0.252408
0.098330,0.088844,0.025417,-0.041439,0.154837,0.113740,0.113647,0.049782,0.086989,0.024281,0.076345,0.071888,0.054192,-0.041439,-0.041439,0.024281,0.086989,0.113740,0.154837,0.154837
0.024087,0.097330,0.094474,-0.027573,0.128135,0.026285,0.074933,0.047595,0.065216,0.035833,0.061302,0.057056,0.042678,-0.027573,-0.027573,0.024087,0.061302,0.097330,0.128135,0.128135
0.067936,0.127320,0.058574,-0.042354,0.092017,0.041219,0.146736,0.091961,0.063931,0.099821,0.090590,0.076159,0.049659,-0.042354,-0.042354,0.041219,0.090590,0.127320,0.146736,0.146736
0.092190,0.145647,0.058574,-0.044811,0.092017,0.046554,0.146736,0.093849,0.063931,0.080625,0.089281,0.078599,0.051698,-0.044811,-0.044811,0.046554,0.089281,0.145647,0.146736,0.146736
0.186794,0.174112,0.222884,0.103422,0.067188,0.111132,0.144643,0.170590,0.294418,0.120396,0.112436,0.155274,0.064091,0.067188,0.067188,0.103422,0.144643,0.222884,0.294418,0.294418
0.170947,0.162973,0.183038,0.126878,0.067529,0.151901,0.144643,0.126738,0.232566,0.099155,0.099922,0.142390,0.045696,0.067529,0.067529,0.099155,0.144643,0.183038,0.232566,0.232566
0.077688,0.207211,0.152200,0.103630,0.062609,0.179688,0.153086,0.090304,0.202585,0.193753,0.154113,0.143351,0.051922,0.062609,0.062609,0.077688,0.153086,0.202585,0.207211,0.207211
0.126452,0.140480,0.078083,0.087815,0.051564,0.081622,0.059568,0.070856,0.202959,0.161549,0.095998,0.105177,0.047165,0.051564,0.051564,0.059568,0.087815,0.161549,0.202959,0.202959
0.066844,0.199538,0.116673,0.024398,0.085986,0.089389,0.130547,0.113974,0.188325,0.156890,0.087475,0.114549,0.052254,0.024398,0.024398,0.066844,0.113974,0.188325,0.199538,0.199538
0.049674,0.177873,0.071959,0.006530,0.016796,0.061748,0.174804,0.102763,0.177690,0.088100,0.024692,0.086602,0.064795,0.006530,0.006530,0.016796,0.071959,0.177690,0.177873,0.177873
0.066546,0.192947,0.164000,-0.007286,0.057484,0.064421,0.181147,0.101750,0.119339,0.135643,0.086573,0.105687,0.060411,-0.007286,-0.007286,0.057484,0.101750,0.181147,0.192947,0.192947
0.066546,0.192947,0.164000,-0.019119,0.076529,0.036276,0.135500,0.133546,0.149075,0.135643,0.083263,0.104928,0.062236,-0.019119,-0.019119,0.036276,0.133546,0.164000,0.192947,0.192947
0.214527,0.182063,0.251102,0.151719,0.093962,0.132789,0.179669,0.194428,0.284969,0.135703,0.133238,0.177652,0.056567,0.093962,0.093962,0.132789,0.179669,0.251102,0.284969,0.284969
0.142846,0.151288,0.137599,0.132057,0.042075,0.170304,0.118014,0.093414,0.267320,0.135741,0.089632,0.134572,0.056398,0.042075,0.042075,0.089632,0.135741,0.170304,0.267320,0.267320
0.069108,0.141947,0.123481,0.102999,0.040801,0.103412,0.130840,0.089181,0.179912,0.122606,0.099922,0.109473,0.037106,0.040801,0.040801,0.069108,0.103412,0.141947,0.179912,0.179912
0.076118,0.161886,0.149792,0.095201,0.044042,0.130789,0.082080,0.089181,0.200425,0.087399,0.068625,0.107776,0.046886,0.044042,0.044042,0.068625,0.089181,0.161886,0.200425,0.200425
0.161168,0.207061,0.215637,0.100294,0.085986,0.117622,0.092449,0.114683,0.226817,0.142581,0.122968,0.144297,0.051180,0.085986,0.085986,0.092449,0.122968,0.215637,0.226817,0.226817
0.088623,0.194051,0.187419,0.120373,0.050258,0.121199,0.095883,0.134055,0.226400,0.133979,0.093789,0.131457,0.052362,0.050258,0.050258,0.088623,0.121199,0.194051,0.226400,0.226400
0.040194,0.072049,0.050670,-0.054562,0.132380,0.080773,0.181738,0.141871,0.072525,0.089021,0.096458,0.082101,0.061561,-0.054562,-0.054562,0.040194,0.080773,0.141871,0.181738,0.181738
0.050402,0.053359,0.047568,-0.123378,0.122786,0.040149,0.123112,0.091961,0.070953,0.054225,0.076975,0.055283,0.065921,-0.123378,-0.123378,0.040149,0.054225,0.122786,0.123112,0.123112
0.256747,0.225777,0.316801,0.207167,0.158083,0.271795,0.278560,0.150341,0.310164,0.263713,0.227851,0.242454,0.055021,0.150341,0.150341,0.158083,0.256747,0.310164,0.316801,0.316801
0.205579,0.160204,0.236928,0.120238,0.131309,0.296249,0.181467,0.139224,0.301147,0.223454,0.155249,0.195550,0.063187,0.120238,0.120238,0.131309,0.181467,0.296249,0.301147,0.301147
0.235229,0.179875,0.224125,0.091889,0.133629,0.227552,0.129902,0.222258,0.334020,0.200612,0.159521,0.194419,0.066142,0.091889,0.091889,0.129902,0.200612,0.235229,0.334020,0.334020
0.210975,0.164320,0.178026,0.067814,0.100218,0.216988,0.099413,0.153913,0.319090,0.203447,0.139187,0.168490,0.069862,0.067814,0.067814,0.099413,0.164320,0.216988,0.319090,0.319090
0.249737,0.219255,0.337350,0.141224,0.180831,0.316398,0.205348,0.232790,0.304836,0.205959,0.187453,0.234653,0.061773,0.141224,0.141224,0.180831,0.219255,0.316398,0.337350,0.337350
0.231636,0.168159,0.219047,0.068915,0.111829,0.191357,0.159706,0.186424,0.279042,0.226898,0.135759,0.179888,0.059888,0.068915,0.068915,0.111829,0.186424,0.231636,0.279042,0.279042
0.185204,0.179875,0.247265,0.112360,0.113361,0.191357,0.183681,0.180249,0.257746,0.224054,0.158837,0.184908,0.046774,0.112360,0.112360,0.113361,0.183681,0.247265,0.257746,0.257746
0.071489,0.149100,0.108557,0.085484,0.054928,0.216057,0.100491,0.152228,0.217918,0.248517,0.093717,0.136226,0.065804,0.054928,0.054928,0.071489,0.108557,0.217918,0.248517,0.248517
0.255322,0.252173,0.317870,0.135869,0.178958,0.316398,0.129827,0.235035,0.360847,0.256324,0.200615,0.239931,0.074456,0.129827,0.129827,0.135869,0.252173,0.317870,0.360847,0.360847
0.240814,0.186600,0.250836,0.123675,0.179299,0.259692,0.158383,0.214953,0.308532,0.200612,0.149827,0.206656,0.054783,0.123675,0.123675,0.149827,0.200612,0.259692,0.308532,0.308532
0.249737,0.255363,0.317870,0.146386,0.157895,0.316398,0.187992,0.235035,0.338371,0.256324,0.193115,0.241317,0.065259,0.146386,0.146386,0.157895,0.249737,0.317870,0.338371,0.338371
0.218636,0.213367,0.206244,0.081906,0.111829,0.214592,0.169031,0.264718,0.291805,0.248145,0.147813,0.197099,0.064049,0.081906,0.081906,0.111829,0.213367,0.264718,0.291805,0.291805
0.208890,0.177698,0.132495,0.172378,0.134497,0.163458,0.165101,0.116323,0.281010,0.248658,0.115668,0.174198,0.053349,0.115668,0.115668,0.116323,0.165101,0.248658,0.281010,0.281010
0.069560,0.203427,0.093908,0.131837,0.085083,0.148214,0.144349,0.069988,0.146065,0.219294,0.090854,0.127507,0.051189,0.069560,0.069560,0.069988,0.131837,0.203427,0.219294,0.219294
0.249737,0.253316,0.301243,0.111723,0.151514,0.318938,0.147476,0.178804,0.394858,0.264341,0.196286,0.233476,0.085358,0.111723,0.111723,0.147476,0.249737,0.318938,0.394858,0.394858
0.240814,0.213367,0.250836,0.090604,0.149274,0.317617,0.138541,0.200068,0.336760,0.207989,0.152432,0.208936,0.075320,0.090604,0.090604,0.138541,0.207989,0.317617,0.336760,0.336760
0.235229,0.226543,0.318503,0.061247,0.148933,0.317617,0.153717,0.200068,0.389075,0.264341,0.196286,0.228323,0.092143,0.061247,0.061247,0.148933,0.226543,0.318503,0.389075,0.389075
0.240814,0.197886,0.247265,0.107648,0.096184,0.192534,0.158587,0.196281,0.320270,0.207989,0.171402,0.194260,0.063229,0.096184,0.096184,0.107648,0.196281,0.247265,0.320270,0.320270
0.255322,0.282130,0.299765,0.128099,0.159612,0.317617,0.181798,0.142963,0.348677,0.285894,0.197752,0.236330,0.076777,0.128099,0.128099,0.142963,0.255322,0.317617,0.348677,0.348677
0.209458,0.205012,0.230638,0.116534,0.113702,0.204439,0.212288,0.183425,0.275737,0.239797,0.162298,0.195757,0.049453,0.113702,0.113702,0.116534,0.205012,0.239797,0.275737,0.275737
0.255322,0.253316,0.322084,0.129944,0.156022,0.330453,0.160985,0.187223,0.344026,0.290781,0.185943,0.237827,0.077327,0.129944,0.129944,0.156022,0.253316,0.330453,0.344026,0.344026
0.236170,0.194071,0.210458,0.129944,0.111829,0.227879,0.149191,0.186768,0.298213,0.289542,0.147813,0.198352,0.061665,0.111829,0.111829,0.129944,0.194071,0.289542,0.298213,0.298213
0.209458,0.253316,0.296912,0.090604,0.132102,0.317617,0.164753,0.178804,0.274236,0.228098,0.180468,0.211488,0.070468,0.090604,0.090604,0.132102,0.209458,0.296912,0.317617,0.317617
0.194382,0.213367,0.206244,0.077194,0.092784,0.215811,0.169031,0.210684,0.279985,0.247537,0.147813,0.186803,0.061330,0.077194,0.077194,0.092784,0.206244,0.247537,0.279985,0.279985
0.132563,0.205767,0.268563,0.072727,0.105237,0.169389,0.183883,0.193201,0.206282,0.165087,0.159860,0.169323,0.053124,0.072727,0.072727,0.105237,0.169389,0.206282,0.268563,0.268563
0.096545,0.177782,0.129855,0.078266,0.061474,0.142919,0.101025,0.137245,0.186408,0.206400,0.103990,0.129264,0.046393,0.061474,0.061474,0.078266,0.129855,0.186408,0.206400,0.206400
0.124738,0.172229,0.182048,0.101186,0.105578,0.184244,0.149785,0.170787,0.198918,0.202400,0.133963,0.156898,0.036046,0.101186,0.101186,0.105578,0.170787,0.198918,0.202400,0.202400
0.063027,0.177782,0.110992,0.080345,0.077203,0.125100,0.095589,0.121483,0.217565,0.195880,0.086642,0.122873,0.051954,0.063027,0.063027,0.077203,0.110992,0.195880,0.217565,0.217565
0.207382,0.168159,0.247265,0.115266,0.109621,0.191603,0.172855,0.184237,0.279042,0.230800,0.162298,0.188048,0.051723,0.109621,0.109621,0.115266,0.184237,0.247265,0.279042,0.279042
0.207382,0.191167,0.247265,0.158711,0.109962,0.191603,0.172855,0.179686,0.297270,0.230800,0.156823,0.194866,0.050381,0.109962,0.109962,0.156823,0.191167,0.247265,0.297270,0.297270
0.124738,0.201285,0.210266,0.151041,0.077032,0.159790,0.167163,0.194417,0.202811,0.232419,0.115265,0.166930,0.047143,0.077032,0.077032,0.115265,0.167163,0.210266,0.232419,0.232419
0.092329,0.186137,0.129855,0.109105,0.082269,0.151921,0.132137,0.140897,0.218706,0.221197,0.085379,0.140903,0.049758,0.082269,0.082269,0.085379,0.132137,0.218706,0.221197,0.221197
0.039334,0.149339,0.150453,0.000415,0.059212,0.064421,0.134797,0.128096,0.123798,0.090443,0.086573,0.093353,0.048846,0.000415,0.000415,0.039334,0.090443,0.149339,0.150453,0.150453
0.077148,0.184264,0.070961,0.047263,-0.022249,0.037044,0.150143,0.053773,0.137765,0.077775,0.057966,0.079259,0.058105,-0.022249,-0.022249,0.037044,0.070961,0.150143,0.184264,0.184264
0.059269,0.132742,0.064500,0.013824,-0.045875,0.037044,0.130361,0.110200,0.178296,0.077775,0.071231,0.075397,0.062032,-0.045875,-0.045875,0.013824,0.071231,0.132742,0.178296,0.178296
0.044742,0.132742,0.085440,0.055226,-0.047237,0.037044,0.105213,0.097195,0.167977,0.066506,0.071231,0.074189,0.055912,-0.047237,-0.047237,0.037044,0.071231,0.132742,0.167977,0.167977
0.039969,0.153655,0.133026,-0.028575,0.053977,0.048766,0.136223,0.113208,0.122252,0.089522,0.107072,0.088099,0.054251,-0.028575,-0.028575,0.039969,0.107072,0.136223,0.153655,0.153655
0.027464,0.158348,0.154564,-0.023464,0.028264,0.093768,0.172766,0.079182,0.135391,0.073816,0.080533,0.089148,0.062307,-0.023464,-0.023464,0.027464,0.080533,0.158348,0.172766,0.172766
0.079711,0.135932,0.090089,0.066887,-0.001324,0.061498,0.102465,0.091330,0.185007,0.064412,-0.016599,0.078128,0.056172,-0.016599,-0.016599,-0.001324,0.079711,0.135932,0.185007,0.185007
0.043550,0.131064,0.163182,0.000415,0.037721,0.088875,0.169983,0.084895,0.126951,0.075681,0.056724,0.089004,0.053898,0.000415,0.000415,0.037721,0.084895,0.163182,0.169983,0.169983
0.045823,0.160310,0.134166,0.017543,0.019334,0.089125,0.124222,0.120550,0.161197,0.075496,0.078229,0.093272,0.051473,0.017543,0.017543,0.019334,0.089125,0.160310,0.161197,0.161197
0.067289,0.111537,0.093114,0.017543,0.002375,0.061498,0.164275,0.120550,0.146967,0.090258,0.078229,0.086694,0.049440,0.002375,0.002375,0.017543,0.090258,0.146967,0.164275,0.164275
0.049642,0.127638,0.138001,-0.053258,-0.003259,0.088875,0.155213,0.058978,0.126951,0.078966,0.060034,0.075253,0.063070,-0.053258,-0.053258,-0.003259,0.078966,0.138001,0.155213,0.155213
0.044742,0.135932,0.083468,0.082498,0.003586,0.064421,0.017601,0.065399,0.198988,0.057394,0.042881,0.072446,0.054770,0.003586,0.003586,0.017601,0.064421,0.135932,0.198988,0.198988
0.077391,0.220344,0.149106,0.019770,0.059212,0.074263,0.164947,0.147303,0.166636,0.065553,0.129274,0.115800,0.060301,0.019770,0.019770,0.059212,0.129274,0.166636,0.220344,0.220344
0.068467,0.139406,0.131407,0.043225,-0.035464,0.101977,0.121124,0.108671,0.188408,0.076406,0.058388,0.091092,0.059046,-0.035464,-0.035464,0.043225,0.101977,0.139406,0.188408,0.188408
0.059474,0.176363,0.160963,0.003583,0.059212,0.055651,0.133559,0.116456,0.163970,0.102038,0.094611,0.102353,0.054386,0.003583,0.003583,0.055651,0.102038,0.163970,0.176363,0.176363
0.031128,0.063673,0.089929,0.007422,-0.010781,0.088875,0.065022,0.058978,0.167469,0.078563,-0.004138,0.057831,0.051316,-0.010781,-0.010781,-0.004138,0.063673,0.089929,0.167469,0.167469
0.062506,0.148898,0.104614,-0.006467,0.043016,0.037044,0.183138,0.154970,0.112817,0.092537,0.014668,0.086158,0.061393,-0.006467,-0.006467,0.014668,0.092537,0.154970,0.183138,0.183138
0.090331,0.143683,0.117299,0.001733,-0.004718,0.027342,0.192576,0.179601,0.160046,0.072220,0.053128,0.093931,0.070198,-0.004718,-0.004718,0.001733,0.090331,0.179601,0.192576,0.192576
0.028725,0.158348,0.169253,-0.023464,0.028264,0.048073,0.108982,0.115742,0.159195,0.067697,0.049516,0.082757,0.063656,-0.023464,-0.023464,0.028264,0.067697,0.159195,0.169253,0.169253
0.064969,0.104273,0.095096,0.076265,0.004948,0.066592,0.106498,0.101451,0.160197,0.057443,0.048743,0.080588,0.039932,0.004948,0.004948,0.048743,0.076265,0.106498,0.160197,0.160197
0.046642,0.187978,0.144667,-0.011637,0.036115,0.074263,0.156077,0.077902,0.166636,0.084716,0.103762,0.097011,0.061654,-0.011637,-0.011637,0.036115,0.084716,0.166636,0.187978,0.187978
0.050597,0.123528,0.124899,0.086656,-0.008631,0.096845,0.052103,0.077541,0.230258,0.129575,0.078801,0.094743,0.060323,-0.008631,-0.008631,0.050597,0.086656,0.129575,0.230258,0.230258
0.024509,0.171036,0.131938,-0.052454,0.009219,0.057913,0.133559,0.127667,0.122252,0.115731,0.107072,0.086222,0.067540,-0.052454,-0.052454,0.009219,0.115731,0.133559,0.171036,0.171036
0.089384,0.129784,0.095982,0.041163,-0.000018,0.066592,0.100023,0.058978,0.150755,0.067697,0.010275,0.073692,0.046192,-0.000018,-0.000018,0.010275,0.067697,0.129784,0.150755,0.150755
0.031128,0.130280,0.094156,-0.053258,-0.010781,0.070356,0.082670,0.058978,0.137257,0.069854,0.008803,0.056313,0.058255,-0.053258,-0.053258,-0.010781,0.069854,0.130280,0.137257,0.137257
0.022544,0.095902,0.083468,0.047580,0.003586,0.037044,0.043620,0.078404,0.143491,0.040289,-0.003884,0.053822,0.043283,-0.003884,-0.003884,0.003586,0.043620,0.095902,0.143491,0.143491
0.027464,0.108068,0.117670,-0.042298,0.011928,0.072351,0.136223,0.091158,0.114874,0.063838,0.086573,0.071622,0.053526,-0.042298,-0.042298,0.011928,0.086573,0.117670,0.136223,0.136223
0.031045,0.138398,0.136668,-0.004988,-0.009112,0.093768,0.147706,0.117413,0.132238,0.081277,0.071016,0.085039,0.057347,-0.009112,-0.009112,-0.004988,0.093768,0.138398,0.147706,0.147706
0.077391,0.180662,0.169660,0.025702,0.059212,0.088875,0.153977,0.084612,0.186899,0.078966,0.103762,0.109974,0.054076,0.025702,0.025702,0.059212,0.088875,0.180662,0.186899,0.186899
0.044639,0.143449,0.094758,0.047795,0.004948,0.037044,0.060973,0.065399,0.198714,0.099619,0.044369,0.076519,0.054953,0.004948,0.004948,0.037044,0.060973,0.143449,0.198714,0.198714
0.027177,0.163060,0.099968,-0.074887,0.074003,0.057646,0.139794,0.090729,0.122252,0.089522,0.107072,0.081485,0.063944,-0.074887,-0.074887,0.027177,0.090729,0.139794,0.163060,0.163060
0.054484,0.132250,0.154971,-0.020836,-0.010781,0.066592,0.111285,0.058978,0.161061,0.067697,0.012857,0.071687,0.062834,-0.020836,-0.020836,-0.010781,0.066592,0.154971,0.161061,0.161061
0.093869,0.195205,0.129635,0.088366,0.037721,0.067694,0.178251,0.123126,0.182000,0.081060,0.039293,0.110565,0.055889,0.037721,0.037721,0.039293,0.093869,0.182000,0.195205,0.195205
0.061463,0.143449,0.128053,0.065853,-0.019655,0.067694,0.187961,0.110647,0.192003,0.077775,0.058770,0.097637,0.062558,-0.019655,-0.019655,0.058770,0.077775,0.187961,0.192003,0.192003
0.055657,0.177637,0.178264,0.026792,0.080751,0.041188,0.157642,0.171386,0.147236,0.112446,0.030933,0.107266,0.061889,0.026792,0.026792,0.030933,0.112446,0.177637,0.178264,0.178264
0.071422,0.171097,0.093230,-0.004988,0.039027,0.066592,0.122616,0.092518,0.175400,0.082283,-0.011003,0.081654,0.060794,-0.011003,-0.011003,-0.004988,0.082283,0.171097,0.175400,0.175400
0.101511,0.212226,0.243214,0.052440,0.085218,0.062875,0.117468,0.120635,0.205846,0.109952,0.079756,0.126467,0.064578,0.052440,0.052440,0.062875,0.109952,0.212226,0.243214,0.243214
0.100200,0.201285,0.192152,0.106999,0.048915,0.041904,0.104289,0.100616,0.225308,0.094810,0.051671,0.115286,0.063480,0.041904,0.041904,0.048915,0.100616,0.201285,0.225308,0.225308
0.038421,0.169716,0.167788,-0.019369,0.091514,0.040921,0.111592,0.146416,0.147236,0.102192,0.030933,0.093396,0.063146,-0.019369,-0.019369,0.030933,0.102192,0.167788,0.169716,0.169716
0.058154,0.122021,0.145607,-0.004988,0.039960,0.066592,0.126050,0.117240,0.147928,0.075036,0.037889,0.084681,0.050231,-0.004988,-0.004988,0.037889,0.075036,0.145607,0.147928,0.147928
0.039682,0.119244,0.133026,-0.021214,0.110559,0.026483,0.083520,0.136976,0.169651,0.105477,-0.007907,0.081409,0.062984,-0.021214,-0.021214,-0.007907,0.105477,0.136976,0.169651,0.169651
0.030207,0.121168,0.153559,0.047425,0.031347,0.072849,0.114865,0.112274,0.153731,0.063942,0.001910,0.082116,0.052024,0.001910,0.001910,0.030207,0.072849,0.153559,0.153731,0.153731
0.076842,0.197673,0.107226,0.076097,0.034529,0.066842,0.105416,0.170521,0.161998,0.054158,0.083358,0.103151,0.052155,0.034529,0.034529,0.054158,0.083358,0.170521,0.197673,0.197673
0.070599,0.092381,0.087796,0.121314,-0.032997,0.082055,0.098235,0.107096,0.172202,0.093814,0.072770,0.087751,0.048920,-0.032997,-0.032997,0.070599,0.092381,0.121314,0.172202,0.172202
0.039682,0.159017,0.185101,0.039560,0.085218,0.045002,0.149374,0.137358,0.168985,0.102642,0.025996,0.103448,0.059334,0.025996,0.025996,0.039560,0.102642,0.168985,0.185101,0.185101
0.082110,0.174992,0.203938,0.054125,0.043625,0.069760,0.090486,0.100634,0.208298,0.088163,0.051671,0.106164,0.060681,0.043625,0.043625,0.051671,0.088163,0.203938,0.208298,0.208298
0.097295,0.166595,0.173692,0.062645,0.085986,0.027433,0.111723,0.138310,0.192210,0.093991,0.005497,0.105034,0.059604,0.005497,0.005497,0.027433,0.097295,0.173692,0.192210,0.192210
0.042260,0.155053,0.145386,0.090065,0.042075,0.024324,0.085886,0.112274,0.193875,0.063942,0.037562,0.090245,0.055606,0.024324,0.024324,0.037562,0.085886,0.155053,0.193875,0.193875
0.082260,0.148473,0.135133,0.079056,0.005289,0.050108,0.126038,0.101451,0.194437,0.057443,0.035116,0.092255,0.055458,0.005289,0.005289,0.035116,0.082260,0.148473,0.194437,0.194437
0.026988,0.107651,0.150811,-0.020842,0.114946,0.045083,0.126524,0.078712,0.116787,0.061837,0.034084,0.076598,0.051989,-0.020842,-0.020842,0.026988,0.078712,0.126524,0.150811,0.150811
0.077391,0.194051,0.183010,0.039676,0.073570,0.114257,0.098778,0.158514,0.175309,0.097275,0.090736,0.118415,0.051233,0.039676,0.039676,0.073570,0.098778,0.183010,0.194051,0.194051
0.099689,0.183110,0.168513,0.128045,0.041793,0.160040,0.139710,0.100614,0.243429,0.194715,0.118185,0.143440,0.054840,0.041793,0.041793,0.099689,0.139710,0.194715,0.243429,0.243429
0.063894,0.153249,0.182652,0.118487,0.041793,0.071002,0.093230,0.142722,0.199495,0.131114,0.018547,0.110562,0.058040,0.018547,0.018547,0.041793,0.118487,0.182652,0.199495,0.199495
0.056974,0.137955,0.144976,0.109586,0.036370,0.032579,0.084359,0.097411,0.199495,0.101054,0.038735,0.094499,0.052510,0.032579,0.032579,0.036370,0.097411,0.144976,0.199495,0.199495
0.127012,0.180143,0.168513,0.122594,0.050599,0.159656,0.104753,0.138725,0.187353,0.136973,0.116974,0.135754,0.038862,0.050599,0.050599,0.104753,0.136973,0.180143,0.187353,0.187353
0.076664,0.157894,0.164074,0.116401,0.032336,0.101141,0.139710,0.100614,0.157876,0.159331,0.086981,0.117547,0.042521,0.032336,0.032336,0.076664,0.116401,0.159331,0.164074,0.164074
0.119473,0.191946,0.254038,0.058558,0.061303,0.146197,0.110526,0.185471,0.220826,0.091156,0.089264,0.138978,0.065884,0.058558,0.058558,0.061303,0.119473,0.220826,0.254038,0.254038
0.097401,0.144270,0.125672,0.064830,0.070171,0.082055,0.095695,0.122613,0.115614,0.060274,0.003867,0.089315,0.039258,0.003867,0.003867,0.060274,0.095695,0.125672,0.144270,0.144270
0.038421,0.144871,0.122109,-0.021214,0.083460,0.021394,0.020378,0.102086,0.146056,0.075983,0.013585,0.067921,0.057122,-0.021214,-0.021214,0.013585,0.075983,0.144871,0.146056,0.146056
0.018517,0.121627,0.122109,0.008735,0.083785,0.041188,0.072159,0.124848,0.156362,0.063434,-0.002930,0.073621,0.053380,-0.002930,-0.002930,0.008735,0.072159,0.124848,0.156362,0.156362
0.131947,0.163171,0.168513,0.123272,0.050258,0.139712,0.090950,0.138725,0.225218,0.125812,0.118185,0.134160,0.044407,0.050258,0.050258,0.090950,0.131947,0.168513,0.225218,0.225218
0.073543,0.146073,0.142612,0.126557,0.065008,0.146955,0.139710,0.122507,0.228966,0.208747,0.105037,0.136883,0.049372,0.065008,0.065008,0.073543,0.139710,0.208747,0.228966,0.228966
0.077391,0.194051,0.187419,0.081057,0.034529,0.066524,0.101319,0.138725,0.190638,0.108116,0.083148,0.114810,0.055153,0.034529,0.034529,0.066524,0.101319,0.190638,0.194051,0.194051
0.055198,0.148098,0.159911,0.126557,0.031995,0.130333,0.139710,0.127341,0.213085,0.129758,0.102024,0.124001,0.048812,0.031995,0.031995,0.055198,0.129758,0.159911,0.213085,0.213085
0.011393,0.076075,0.071698,-0.109910,0.129712,0.028415,0.125085,0.032609,0.045200,-0.014655,0.060247,0.041442,0.066690,-0.109910,-0.109910,-0.014655,0.045200,0.125085,0.129712,0.129712
0.014867,0.073357,0.124880,-0.094685,0.087737,0.028661,0.094067,0.032609,0.106076,0.016452,0.071939,0.050542,0.060986,-0.094685,-0.094685,0.014867,0.071939,0.106076,0.124880,0.124880
0.032289,0.049480,0.054159,-0.123378,0.103130,0.025336,0.124659,0.033315,0.055406,-0.020282,0.039325,0.033949,0.064748,-0.123378,-0.123378,-0.020282,0.039325,0.103130,0.124659,0.124659
-0.037662,0.011244,0.026719,-0.091505,0.103435,0.052525,0.040390,-0.007643,0.023781,-0.059418,0.090815,0.013880,0.060003,-0.091505,-0.091505,-0.059418,0.023781,0.090815,0.103435,0.103435
0.005810,-0.003008,0.026719,-0.122591,0.076853,0.044555,0.092259,0.040923,0.050982,-0.024428,0.079351,0.024311,0.060708,-0.122591,-0.122591,-0.024428,0.040923,0.079351,0.092259,0.092259
-0.003199,0.074642,0.026684,-0.117236,0.071361,0.038328,0.122764,0.031004,0.083315,-0.017940,0.069294,0.034456,0.064527,-0.117236,-0.117236,-0.017940,0.038328,0.083315,0.122764,0.122764
-0.011730,-0.023100,-0.012219,-0.133258,0.134248,0.015816,-0.045717,0.009333,-0.001495,-0.052426,-0.011117,-0.011970,0.063503,-0.133258,-0.133258,-0.052426,-0.011730,0.015816,0.134248,0.134248
-0.012847,-0.035397,0.030672,-0.151184,0.124926,-0.005146,-0.004561,-0.016168,0.000435,-0.049982,0.015416,-0.009440,0.065488,-0.151184,-0.151184,-0.049982,-0.005146,0.030672,0.124926,0.124926
0.073264,0.146404,0.192651,-0.039546,0.112587,0.070065,0.169676,0.099674,0.123195,0.023747,0.100479,0.097472,0.065664,-0.039546,-0.039546,0.023747,0.100479,0.169676,0.192651,0.192651
0.032289,0.078202,0.072868,-0.093219,0.081639,0.083057,0.150586,0.033315,0.058193,0.011350,0.112940,0.056474,0.063004,-0.093219,-0.093219,0.011350,0.072868,0.112940,0.150586,0.150586
0.062063,0.202307,0.085592,0.018421,0.017662,0.060734,0.176313,0.113974,0.135394,0.105676,0.057880,0.094183,0.059830,0.017662,0.017662,0.018421,0.085592,0.176313,0.202307,0.202307
0.049272,0.122072,0.100963,0.035786,0.015238,0.063854,0.238095,0.114672,0.154387,0.107427,0.106740,0.100773,0.061655,0.015238,0.015238,0.035786,0.106740,0.154387,0.238095,0.238095
0.033689,0.065167,0.069525,-0.032093,0.068597,0.038916,0.104676,0.081285,0.062208,0.005183,0.062761,0.050901,0.037901,-0.032093,-0.032093,0.005183,0.062761,0.081285,0.104676,0.104676
0.033689,0.024498,0.023846,-0.039463,0.041862,0.020049,0.065243,0.077546,0.050047,0.015292,0.062761,0.034124,0.031865,-0.039463,-0.039463,0.015292,0.033689,0.065243,0.077546,0.077546
0.065285,0.225850,0.124530,-0.018983,0.084219,0.053915,0.112998,0.124703,0.137332,0.141780,0.115988,0.106147,0.061590,-0.018983,-0.018983,0.053915,0.115988,0.141780,0.225850,0.225850
0.033689,0.058478,0.069525,-0.041976,0.068597,0.048172,0.065875,0.047595,0.028606,0.019154,0.071939,0.042696,0.033301,-0.041976,-0.041976,0.019154,0.048172,0.069525,0.071939,0.071939
0.205579,0.177815,0.179039,0.120402,0.050258,0.176450,0.145251,0.162014,0.231985,0.134985,0.143034,0.156983,0.047808,0.050258,0.050258,0.120402,0.162014,0.205579,0.231985,0.231985
0.134837,0.204594,0.174600,0.109184,0.029916,0.185709,0.136880,0.124740,0.223625,0.160646,0.145666,0.148218,0.052445,0.029916,0.029916,0.109184,0.145666,0.204594,0.223625,0.223625
0.052567,0.122072,0.128381,0.063465,0.016739,0.072745,0.235706,0.068757,0.201535,0.084213,0.061888,0.100733,0.066295,0.016739,0.016739,0.052567,0.072745,0.201535,0.235706,0.235706
0.130122,0.058660,0.142672,0.102721,0.022449,0.050227,0.215780,0.040737,0.238329,0.124074,0.119193,0.113178,0.069301,0.022449,0.022449,0.040737,0.119193,0.215780,0.238329,0.238329
0.007771,0.114956,0.093120,-0.014073,0.016796,0.044768,0.158142,0.113974,0.109751,0.105676,0.086573,0.076132,0.054204,-0.014073,-0.014073,0.007771,0.093120,0.114956,0.158142,0.158142
0.044611,0.072593,0.111522,0.063381,-0.012653,0.077373,0.218383,0.100601,0.173765,0.097276,0.098661,0.095046,0.061393,-0.012653,-0.012653,0.044611,0.097276,0.173765,0.218383,0.218383
0.045740,0.182198,0.092216,0.005640,-0.002249,0.045014,0.131365,0.107018,0.126954,0.049560,0.058555,0.076546,0.056669,-0.002249,-0.002249,0.005640,0.058555,0.131365,0.182198,0.182198
0.121419,0.067269,0.145023,0.095578,0.010362,0.097269,0.184228,0.121289,0.202805,0.187967,0.130153,0.123942,0.056637,0.010362,0.010362,0.067269,0.121419,0.187967,0.202805,0.202805
0.136262,0.192535,0.183038,0.141190,0.050258,0.131492,0.127406,0.145945,0.232325,0.177459,0.119683,0.148872,0.047351,0.050258,0.050258,0.119683,0.141190,0.192535,0.232325,0.232325
0.122332,0.183110,0.174600,0.127584,0.040801,0.086696,0.082080,0.095133,0.190801,0.138754,0.095910,0.121618,0.047308,0.040801,0.040801,0.082080,0.122332,0.183110,0.190801,0.190801
0.210870,0.143489,0.142672,0.122021,0.089667,0.165798,0.233008,0.097644,0.207998,0.166287,0.118725,0.154380,0.047436,0.089667,0.089667,0.097644,0.143489,0.210870,0.233008,0.233008
0.221947,0.110170,0.142672,0.122021,0.105396,0.139580,0.200389,0.074106,0.132401,0.166287,0.110958,0.138720,0.043239,0.074106,0.074106,0.105396,0.132401,0.200389,0.221947,0.221947
0.017804,0.053418,0.052308,-0.116350,0.040240,0.055117,0.078959,0.051284,0.052059,-0.011742,0.071939,0.031367,0.054924,-0.116350,-0.116350,-0.011742,0.052059,0.071939,0.078959,0.078959
0.037708,0.044420,0.019629,-0.124354,0.088505,0.031563,0.014231,0.039335,0.109751,-0.023066,0.107525,0.031386,0.065671,-0.124354,-0.124354,-0.023066,0.037708,0.107525,0.109751,0.109751
0.077391,0.188025,0.143932,0.025702,0.030199,0.093768,0.190122,0.083773,0.165127,0.059054,0.083263,0.103669,0.059208,0.025702,0.025702,0.030199,0.083773,0.188025,0.190122,0.190122
0.105243,0.107818,0.164319,0.098657,0.004948,0.158205,0.082476,0.084716,0.225457,0.102904,0.120302,0.114095,0.055826,0.004948,0.004948,0.082476,0.105243,0.164319,0.225457,0.225457
0.106648,0.187272,0.210676,0.103630,0.051846,0.137562,0.203773,0.114813,0.184754,0.222057,0.185671,0.155336,0.055116,0.051846,0.051846,0.103630,0.184754,0.210676,0.222057,0.222057
0.106648,0.166773,0.161880,0.103630,0.051846,0.096777,0.117707,0.077584,0.180861,0.152840,0.123720,0.121842,0.040169,0.051846,0.051846,0.077584,0.117707,0.166773,0.180861,0.180861
0.098703,0.142362,0.288074,0.074523,0.050789,0.075972,0.108401,0.181884,0.189125,0.193555,0.086298,0.135426,0.071183,0.050789,0.050789,0.074523,0.108401,0.193555,0.288074,0.288074
0.120169,0.156270,0.230454,0.053083,0.050789,0.075972,0.108401,0.181884,0.189362,0.158348,0.026264,0.122818,0.066081,0.026264,0.026264,0.050789,0.120169,0.189362,0.230454,0.230454
0.241345,0.218152,0.271919,0.152091,0.097702,0.129844,0.171864,0.142017,0.294787,0.238406,0.154265,0.192035,0.063953,0.097702,0.097702,0.129844,0.171864,0.271919,0.294787,0.294787
0.095870,0.191859,0.227727,0.078463,0.065043,0.107689,0.140752,0.150673,0.199861,0.136748,0.086898,0.134689,0.053852,0.065043,0.065043,0.078463,0.136748,0.199861,0.227727,0.227727
0.059720,0.165673,0.159275,0.002285,0.092668,0.008914,0.093083,0.141355,0.145427,0.116371,0.080343,0.096828,0.056314,0.002285,0.002285,0.008914,0.093083,0.159275,0.165673,0.165673
0.035466,0.165673,0.157164,-0.025009,0.092668,0.038261,0.068883,0.136603,0.152295,0.107937,0.058128,0.089824,0.060793,-0.025009,-0.025009,0.035466,0.092668,0.157164,0.165673,0.165673
0.219243,0.236496,0.232981,0.181448,0.168559,0.283634,0.166889,0.135279,0.236418,0.216908,0.194562,0.206583,0.041914,0.135279,0.135279,0.166889,0.216908,0.236496,0.283634,0.283634
0.197572,0.171992,0.105434,0.157197,0.108110,0.173834,0.082265,0.096170,0.249618,0.237207,0.161142,0.158231,0.056126,0.082265,0.082265,0.096170,0.161142,0.237207,0.249618,0.249618
0.235212,0.264935,0.402410,0.181448,0.172389,0.326498,0.101077,0.153078,0.291915,0.282050,0.206815,0.237984,0.086532,0.101077,0.101077,0.153078,0.235212,0.326498,0.402410,0.402410
0.139903,0.163874,0.169661,0.118648,0.111850,0.176005,0.067089,0.128434,0.182936,0.243081,0.134603,0.148735,0.045938,0.067089,0.067089,0.111850,0.139903,0.182936,0.243081,0.243081
0.129767,0.199364,0.195972,0.094438,0.095780,0.208640,0.192049,0.099909,0.239852,0.233964,0.195090,0.171348,0.055539,0.094438,0.094438,0.095780,0.195090,0.233964,0.239852,0.239852
0.144931,0.193859,0.195972,0.132987,0.111850,0.192156,0.126161,0.093983,0.224908,0.234372,0.145155,0.163303,0.047008,0.093983,0.093983,0.111850,0.145155,0.224908,0.234372,0.234372
0.196338,0.187272,0.276284,0.127509,0.078233,0.129592,0.183271,0.133510,0.248723,0.248660,0.185671,0.181369,0.060716,0.078233,0.078233,0.127509,0.185671,0.248723,0.276284,0.276284
0.112233,0.187272,0.195972,0.102952,0.092040,0.161628,0.183471,0.091999,0.180932,0.160699,0.188684,0.150716,0.042052,0.091999,0.091999,0.092040,0.161628,0.188684,0.195972,0.195972
0.153490,0.177728,0.141217,0.057131,0.082807,0.127956,0.151494,0.136714,0.189499,0.190739,0.140769,0.140867,0.041292,0.057131,0.057131,0.082807,0.141217,0.189499,0.190739,0.190739
0.175668,0.129172,0.182549,0.087585,0.066247,0.154522,0.003309,0.103318,0.188556,0.203023,0.058098,0.122913,0.064384,0.003309,0.003309,0.058098,0.129172,0.188556,0.203023,0.203023
0.109044,0.169362,0.181761,0.037696,0.075761,0.074170,0.143133,0.148488,0.210383,0.178724,0.114620,0.131195,0.053682,0.037696,0.037696,0.074170,0.143133,0.181761,0.210383,0.210383
0.109044,0.154388,0.166896,0.015430,0.042272,0.064103,0.134167,0.127252,0.181804,0.146520,0.098537,0.112765,0.053164,0.015430,0.015430,0.042272,0.127252,0.166896,0.181804,0.181804
0.120353,0.156270,0.233457,0.070606,0.038245,0.106866,0.095995,0.166266,0.199268,0.158348,0.091028,0.130609,0.057928,0.038245,0.038245,0.070606,0.120353,0.199268,0.233457,0.233457
0.109038,0.142566,0.170412,0.104938,0.099017,0.087952,0.108531,0.193524,0.189362,0.187568,0.118234,0.137376,0.040572,0.087952,0.087952,0.099017,0.118234,0.189362,0.193524,0.193524
0.092543,0.171697,0.217226,0.076157,0.023227,0.044122,0.064822,0.130991,0.185979,0.172242,0.085088,0.114917,0.064114,0.023227,0.023227,0.044122,0.092543,0.185979,0.217226,0.217226
0.092543,0.123141,0.209833,0.020458,0.029556,0.045299,0.020713,0.127252,0.217135,0.105471,0.023469,0.092261,0.072742,0.020458,0.020458,0.020713,0.092543,0.209833,0.217135,0.217135
0.187617,0.157789,0.268954,0.107305,0.029262,0.149815,0.077655,0.110979,0.286393,0.203809,0.138212,0.156163,0.077461,0.029262,0.029262,0.077655,0.149815,0.268954,0.286393,0.286393
0.146800,0.146073,0.187479,0.103673,0.033296,0.050203,0.038222,0.098751,0.215292,0.171605,0.088489,0.116353,0.061917,0.033296,0.033296,0.038222,0.103673,0.187479,0.215292,0.215292
0.086958,0.129067,0.202962,0.053381,0.042272,0.072073,0.064822,0.099147,0.187553,0.108427,0.035615,0.098389,0.055672,0.035615,0.035615,0.042272,0.086958,0.187553,0.202962,0.202962
0.121411,0.093031,0.106230,0.102215,0.068982,0.097345,-0.058797,0.106679,0.185080,0.213050,0.064225,0.099950,0.069340,-0.058797,-0.058797,0.064225,0.102215,0.185080,0.213050,0.213050
0.067054,0.143080,0.141418,0.050487,0.017659,0.056780,-0.031237,0.096676,0.228911,0.090709,0.019080,0.080056,0.072019,-0.031237,-0.031237,0.017659,0.067054,0.143080,0.228911,0.228911
0.076855,0.143080,0.141418,0.039791,0.017659,0.045002,-0.031237,0.071781,0.228911,0.060277,0.018552,0.073826,0.072698,-0.031237,-0.031237,0.017659,0.060277,0.143080,0.228911,0.228911
0.086958,0.171697,0.181811,0.041926,0.005709,0.070637,0.067295,0.152300,0.198892,0.137675,0.086796,0.109245,0.062743,0.005709,0.005709,0.041926,0.086958,0.181811,0.198892,0.198892
0.086958,0.149671,0.160991,0.022163,0.009743,0.053903,0.067295,0.152300,0.211670,0.137675,0.033258,0.098693,0.066946,0.009743,0.009743,0.022163,0.086958,0.160991,0.211670,0.211670
0.044413,0.074698,0.109383,-0.054343,0.101400,0.069178,0.057764,0.036140,0.065503,0.070243,0.062051,0.057857,0.042934,-0.054343,-0.054343,0.036140,0.065503,0.101400,0.109383,0.109383
0.059814,0.050397,0.071268,-0.035882,0.045505,0.053053,0.084565,0.011652,0.087913,0.052862,0.021944,0.045735,0.035570,-0.035882,-0.035882,0.011652,0.052862,0.084565,0.087913,0.087913
0.056918,0.151463,0.166231,-0.028742,0.121287,0.033368,0.122953,0.143046,0.089544,0.104218,0.044141,0.091311,0.059292,-0.028742,-0.028742,0.033368,0.104218,0.151463,0.166231,0.166231
0.037014,0.095439,0.157968,0.020019,0.045292,0.023619,0.119771,0.071357,0.154557,0.112954,0.003817,0.076528,0.054881,0.003817,0.003817,0.020019,0.071357,0.154557,0.157968,0.157968
0.056918,0.111932,0.127328,0.017791,0.104183,0.064084,0.185461,0.074104,0.065503,0.082640,0.108500,0.090767,0.044058,0.017791,0.017791,0.056918,0.082640,0.127328,0.185461,0.185461
0.048381,0.072463,0.078649,-0.087944,0.094726,0.025676,0.081106,0.036547,0.072525,0.062259,0.044141,0.048048,0.049747,-0.087944,-0.087944,0.025676,0.062259,0.081106,0.094726,0.094726
0.032401,0.078417,0.041413,-0.032561,0.061477,0.096674,0.100420,0.033953,0.065503,0.029132,0.055457,0.051117,0.037161,-0.032561,-0.032561,0.029132,0.055457,0.096674,0.100420,0.100420
-0.064161,0.059936,-0.004468,-0.141907,0.148552,0.026285,0.044637,-0.016168,0.011151,-0.053267,-0.000960,0.000875,0.074722,-0.141907,-0.141907,-0.064161,-0.000960,0.059936,0.148552,0.148552
0.028761,0.122990,0.085725,-0.030856,0.172893,0.108918,0.112881,0.071809,0.075822,0.049082,0.096458,0.081316,0.053511,-0.030856,-0.030856,0.028761,0.085725,0.122990,0.172893,0.172893
0.061075,0.077646,0.148244,0.019199,0.045505,0.071572,0.106536,0.129219,0.089307,0.118302,0.060623,0.084293,0.038512,0.019199,0.019199,0.045505,0.077646,0.129219,0.148244,0.148244
0.061075,0.115378,0.115534,-0.019481,0.042796,0.034453,0.040972,0.069916,0.105081,0.117936,0.003377,0.062458,0.047336,-0.019481,-0.019481,0.003377,0.061075,0.115534,0.117936,0.117936
0.071733,0.082530,0.082545,-0.072264,0.141216,0.057519,0.052967,0.055438,0.075534,0.035773,0.084766,0.060705,0.051726,-0.072264,-0.072264,0.035773,0.071733,0.084766,0.141216,0.141216
0.027962,0.039955,0.085722,-0.121235,0.117774,0.035236,0.008498,0.070166,0.090375,0.039058,0.033877,0.038853,0.062264,-0.121235,-0.121235,0.008498,0.039058,0.090375,0.117774,0.117774
0.049642,0.066315,0.079127,-0.082043,0.147464,0.024684,0.081106,0.038734,0.072525,0.071371,0.044141,0.053915,0.055330,-0.082043,-0.082043,0.024684,0.066315,0.081106,0.147464,0.147464
0.035633,0.056798,0.141161,-0.036619,0.036699,-0.001161,0.098164,0.076100,0.137942,0.079147,-0.004782,0.056280,0.057456,-0.036619,-0.036619,-0.004782,0.056798,0.137942,0.141161,0.141161
0.044413,0.100991,0.075361,-0.082043,0.094726,0.091461,0.104752,0.060159,0.049904,0.047319,0.092029,0.061734,0.052716,-0.082043,-0.082043,0.044413,0.075361,0.100991,0.104752,0.104752
0.044413,0.082291,0.095156,-0.035882,0.094726,0.084483,0.091805,0.060159,0.049904,0.045099,0.034546,0.058791,0.038655,-0.035882,-0.035882,0.034546,0.060159,0.094726,0.095156,0.095156
0.040194,0.189353,0.134738,-0.056648,0.083911,0.041080,0.105484,0.174842,0.048621,0.108933,0.070091,0.085509,0.069262,-0.056648,-0.056648,0.040194,0.083911,0.174842,0.189353,0.189353
0.096834,0.149890,0.188791,-0.013583,0.092785,0.031197,0.100169,0.170154,0.143672,0.099273,0.090946,0.104557,0.058952,-0.013583,-0.013583,0.031197,0.099273,0.170154,0.188791,0.188791
0.076561,0.124229,0.118802,-0.089476,0.172893,0.069543,0.119344,0.073697,0.060223,0.055570,0.112940,0.081302,0.066765,-0.089476,-0.089476,0.055570,0.076561,0.124229,0.172893,0.172893
0.014867,0.041399,0.050878,-0.108584,0.129712,0.065489,0.044961,0.032609,0.061154,0.046458,0.062383,0.040120,0.057093,-0.108584,-0.108584,0.014867,0.046458,0.065489,0.129712,0.129712
0.043152,0.072760,0.072323,-0.113286,0.163436,0.065489,0.078825,0.071510,0.072525,0.081254,0.096458,0.064040,0.066031,-0.113286,-0.113286,0.043152,0.072525,0.096458,0.163436,0.163436
0.022066,-0.013616,0.036526,-0.135367,0.129133,0.003299,-0.064328,0.003674,0.058787,0.011541,-0.032324,0.001763,0.067652,-0.135367,-0.135367,-0.064328,0.003674,0.058787,0.129133,0.129133
0.061075,0.115378,0.075123,-0.050669,0.042796,0.007076,0.083243,0.090110,0.095373,0.115455,0.027626,0.060235,0.050460,-0.050669,-0.050669,0.007076,0.075123,0.115378,0.115455,0.115455
0.031719,0.072760,0.044155,-0.099933,0.136701,0.059262,0.119067,0.073697,0.072525,0.055570,0.076975,0.058409,0.060654,-0.099933,-0.099933,0.031719,0.072525,0.119067,0.136701,0.136701
0.055657,0.109697,0.125128,-0.034271,0.104183,0.057106,0.156737,0.076291,0.065503,0.082115,0.075547,0.079426,0.048797,-0.034271,-0.034271,0.055657,0.076291,0.125128,0.156737,0.156737
0.113471,0.152521,0.137885,0.055168,0.107623,0.098133,0.149066,0.037925,0.128817,0.128806,0.159257,0.115334,0.039106,0.037925,0.037925,0.055168,0.128806,0.152521,0.159257,0.159257
0.065353,0.077609,0.129255,-0.025207,0.076717,0.073865,0.066003,0.033953,0.137411,0.082645,0.060623,0.070748,0.043378,-0.025207,-0.025207,0.033953,0.073865,0.129255,0.137411,0.137411
0.243086,0.286748,0.315436,0.137198,0.209087,0.353051,0.283364,0.149003,0.320350,0.286732,0.233405,0.256133,0.069406,0.137198,0.137198,0.149003,0.283364,0.320350,0.353051,0.353051
0.267340,0.293404,0.336394,0.176166,0.209087,0.353051,0.291942,0.149003,0.320587,0.286732,0.233405,0.265192,0.065895,0.149003,0.149003,0.176166,0.286732,0.336394,0.353051,0.353051
0.230487,0.289350,0.341091,0.235669,0.237143,0.347871,0.218730,0.171303,0.307587,0.304827,0.244438,0.266227,0.055501,0.171303,0.171303,0.218730,0.244438,0.341091,0.347871,0.347871
0.282504,0.270414,0.340797,0.167652,0.214327,0.341886,0.173753,0.147435,0.311841,0.242031,0.250844,0.249407,0.068141,0.147435,0.147435,0.167652,0.250844,0.340797,0.341886,0.341886
0.213825,0.278797,0.284011,0.212738,0.237143,0.319794,0.259814,0.185633,0.314259,0.280257,0.247001,0.257570,0.042875,0.185633,0.185633,0.212738,0.259814,0.314259,0.319794,0.319794
0.216168,0.278797,0.284011,0.172069,0.183813,0.330071,0.252509,0.141556,0.314259,0.219820,0.265868,0.241722,0.060250,0.141556,0.141556,0.172069,0.252509,0.314259,0.330071,0.330071
0.243086,0.282130,0.329690,0.226477,0.236375,0.313743,0.253756,0.170034,0.301201,0.295780,0.232908,0.262289,0.046893,0.170034,0.170034,0.226477,0.253756,0.313743,0.329690,0.329690
0.289518,0.262059,0.314853,0.188992,0.204214,0.317432,0.208487,0.166295,0.313021,0.310356,0.206977,0.252927,0.058634,0.166295,0.166295,0.188992,0.262059,0.314853,0.317432,0.317432
0.197153,0.193036,0.239262,0.095016,0.104968,0.171409,0.165235,0.168965,0.254419,0.161810,0.151557,0.172984,0.048351,0.095016,0.095016,0.104968,0.168965,0.239262,0.254419,0.254419
0.113658,0.186882,0.133124,0.082317,0.049539,0.124937,0.174013,0.122919,0.168665,0.149798,0.147345,0.132109,0.040512,0.049539,0.049539,0.082317,0.133124,0.174013,0.186882,0.186882
0.096585,0.226535,0.211862,0.093800,0.060535,0.156030,0.186622,0.161421,0.190838,0.175395,0.170628,0.157295,0.052308,0.060535,0.060535,0.093800,0.170628,0.211862,0.226535,0.226535
0.106725,0.207211,0.207666,0.127881,0.071639,0.088600,0.148222,0.104478,0.190838,0.193753,0.164402,0.146492,0.049599,0.071639,0.071639,0.088600,0.148222,0.207211,0.207666,0.207666
0.274281,0.232220,0.311465,0.175051,0.211357,0.274554,0.293747,0.161583,0.313443,0.230969,0.206152,0.244075,0.052964,0.161583,0.161583,0.175051,0.232220,0.311465,0.313443,0.313443
0.267267,0.194211,0.232214,0.169803,0.116898,0.150532,0.220535,0.160554,0.269538,0.140233,0.149035,0.188256,0.052275,0.116898,0.116898,0.140233,0.169803,0.267267,0.269538,0.269538
0.276639,0.255357,0.307789,0.113380,0.186492,0.251821,0.236261,0.156223,0.311480,0.289293,0.247001,0.239249,0.063106,0.113380,0.113380,0.156223,0.251821,0.307789,0.311480,0.311480
0.274506,0.198007,0.135308,0.103704,0.101838,0.205536,0.202501,0.148377,0.249278,0.234894,0.156799,0.182795,0.057971,0.101838,0.101838,0.103704,0.198007,0.249278,0.274506,0.274506
0.220592,0.200787,0.231541,0.108778,0.129651,0.177292,0.259136,0.213748,0.254419,0.224119,0.151557,0.197420,0.049707,0.108778,0.108778,0.129651,0.213748,0.254419,0.259136,0.259136
0.189328,0.200787,0.231541,0.095016,0.111953,0.167917,0.224179,0.171152,0.196771,0.169916,0.151557,0.173647,0.042370,0.095016,0.095016,0.111953,0.171152,0.224179,0.231541,0.231541
0.289518,0.282130,0.388466,0.157738,0.230056,0.389793,0.201145,0.151174,0.301201,0.298362,0.218344,0.264357,0.081282,0.151174,0.151174,0.157738,0.282130,0.388466,0.389793,0.389793
0.314762,0.314202,0.365929,0.235669,0.237143,0.333549,0.215085,0.143246,0.301201,0.295780,0.207557,0.269466,0.066387,0.143246,0.143246,0.207557,0.295780,0.333549,0.365929,0.365929
0.244278,0.218152,0.250583,0.143205,0.097702,0.147345,0.196982,0.152388,0.255395,0.193753,0.170628,0.188219,0.051021,0.097702,0.097702,0.143205,0.193753,0.250583,0.255395,0.255395
0.198352,0.169202,0.185634,0.151041,0.091876,0.122045,0.202690,0.156559,0.200567,0.187766,0.169534,0.166842,0.034930,0.091876,0.091876,0.122045,0.169534,0.200567,0.202690,0.202690
0.232761,0.233157,0.305158,0.213632,0.218576,0.301914,0.200885,0.147156,0.320836,0.241990,0.237869,0.241267,0.050998,0.147156,0.147156,0.200885,0.233157,0.305158,0.320836,0.320836
0.262600,0.185828,0.225940,0.182218,0.186424,0.255398,0.172597,0.149343,0.275934,0.209150,0.173166,0.207145,0.042056,0.149343,0.149343,0.172597,0.186424,0.262600,0.275934,0.275934
0.167951,0.206596,0.199376,0.095016,0.061303,0.146955,0.220493,0.183858,0.246853,0.199806,0.170628,0.172621,0.054439,0.061303,0.061303,0.095016,0.183858,0.220493,0.246853,0.246853
0.124088,0.195655,0.153916,0.071137,0.069531,0.173320,0.222773,0.103814,0.177699,0.185261,0.172056,0.149932,0.050927,0.069531,0.069531,0.071137,0.172056,0.195655,0.222773,0.222773
0.224916,0.201167,0.248460,0.148171,0.118427,0.213118,0.262099,0.178733,0.246146,0.242786,0.174591,0.205328,0.045918,0.118427,0.118427,0.148171,0.213118,0.248460,0.262099,0.262099
0.195724,0.178510,0.161740,0.114596,0.118427,0.227823,0.231536,0.074794,0.247706,0.218441,0.174591,0.176717,0.055349,0.074794,0.074794,0.114596,0.178510,0.231536,0.247706,0.247706
0.204163,0.254189,0.311997,0.095234,0.164797,0.261602,0.230878,0.156269,0.311344,0.250070,0.220907,0.223768,0.065955,0.095234,0.095234,0.156269,0.230878,0.311344,0.311997,0.311997
0.197153,0.195868,0.290507,0.146809,0.138614,0.195995,0.237716,0.145451,0.248723,0.236799,0.165172,0.199891,0.049162,0.138614,0.138614,0.145451,0.195995,0.248723,0.290507,0.290507
0.120058,0.193611,0.192933,0.086541,0.123645,0.217784,0.165235,0.139318,0.177594,0.254272,0.169613,0.167327,0.047979,0.086541,0.086541,0.120058,0.169613,0.217784,0.254272,0.254272
0.128199,0.193611,0.171392,0.076391,0.096910,0.208543,0.210376,0.139318,0.177594,0.233025,0.169613,0.164088,0.049106,0.076391,0.076391,0.096910,0.171392,0.210376,0.233025,0.233025
0.016256,0.122990,0.074510,-0.116690,0.163436,0.105612,0.123113,0.070166,0.059645,0.017259,0.136834,0.070284,0.077939,-0.116690,-0.116690,0.016256,0.074510,0.136834,0.163436,0.163436
0.014483,0.122990,0.038333,-0.116690,0.099970,0.105858,0.085165,0.035203,0.059645,0.030807,0.034983,0.046431,0.064908,-0.116690,-0.116690,0.014483,0.038333,0.105858,0.122990,0.122990
0.016128,0.072269,0.056151,-0.104009,0.163436,0.097688,0.125584,0.061269,0.075822,0.018293,0.071939,0.059506,0.068950,-0.104009,-0.104009,0.016128,0.071939,0.125584,0.163436,0.163436
0.027561,0.090674,0.066537,-0.082043,0.094726,0.083491,0.089502,0.054441,0.065503,0.022439,0.052456,0.051390,0.050551,-0.082043,-0.082043,0.022439,0.065503,0.090674,0.094726,0.094726
0.131754,0.242378,0.176518,0.056018,0.112055,0.089391,0.228475,0.151858,0.174997,0.127592,0.142439,0.148498,0.055531,0.056018,0.056018,0.089391,0.142439,0.228475,0.242378,0.242378
0.101511,0.248098,0.218045,0.052440,0.066922,0.094059,0.264615,0.137023,0.171736,0.101476,0.137701,0.144875,0.072214,0.052440,0.052440,0.066922,0.137023,0.248098,0.264615,0.264615
0.056918,0.159846,0.150086,-0.028370,0.130918,0.064624,0.155884,0.097716,0.065503,0.095509,0.108500,0.096103,0.055566,-0.028370,-0.028370,0.056918,0.097716,0.155884,0.159846,0.159846
0.061134,0.132673,0.189181,-0.028742,0.121287,0.060544,0.162644,0.139307,0.133758,0.115731,0.095000,0.107501,0.059480,-0.028742,-0.028742,0.060544,0.121287,0.162644,0.189181,0.189181
0.028105,0.125840,0.102400,-0.056792,0.190138,0.105770,0.046165,0.144773,0.069964,0.016766,0.148526,0.083787,0.071260,-0.056792,-0.056792,0.016766,0.102400,0.148526,0.190138,0.190138
-0.027073,0.088217,0.090658,-0.117236,0.099817,0.078669,0.062425,0.101013,0.069964,0.024687,0.097119,0.051660,0.068052,-0.117236,-0.117236,-0.027073,0.078669,0.099817,0.101013,0.101013
-0.022857,0.108617,0.068003,-0.120036,0.153338,0.105858,0.017669,0.070166,0.089857,0.013113,0.093813,0.052504,0.076178,-0.120036,-0.120036,-0.022857,0.070166,0.108617,0.153338,0.153338
0.016256,0.131988,0.123735,-0.081256,0.099970,0.110680,0.138532,0.101013,0.059645,0.010489,0.148526,0.078143,0.070565,-0.081256,-0.081256,0.010489,0.101013,0.138532,0.148526,0.148526
0.005868,0.092202,0.034065,-0.079604,0.163436,0.084896,0.063309,0.092034,0.059645,0.053313,0.089373,0.059867,0.061149,-0.079604,-0.079604,0.005868,0.063309,0.092202,0.163436,0.163436
0.022772,0.126975,0.141486,-0.063017,0.130918,0.084650,0.112882,0.072760,0.123195,0.068806,0.122778,0.085837,0.060754,-0.063017,-0.063017,0.022772,0.112882,0.130918,0.141486,0.141486
0.034205,0.189922,0.168644,-0.020842,0.104183,0.042341,0.123346,0.097716,0.123195,0.085485,0.075666,0.093078,0.060362,-0.020842,-0.020842,0.034205,0.097716,0.168644,0.189922,0.189922
0.022772,0.122990,0.118626,-0.063017,0.172893,0.105612,0.101343,0.070166,0.059645,0.019601,0.148526,0.079923,0.067575,-0.063017,-0.063017,0.019601,0.101343,0.148526,0.172893,0.172893
-0.004972,0.101021,0.068003,-0.116690,0.087737,0.084896,0.021806,0.070166,0.110027,0.026661,0.093813,0.049315,0.066061,-0.116690,-0.116690,-0.004972,0.070166,0.101021,0.110027,0.110027
0.040657,0.126975,0.118626,-0.066363,0.172893,0.105612,0.101343,0.070166,0.059713,0.013113,0.120352,0.078462,0.065570,-0.066363,-0.066363,0.013113,0.101343,0.126975,0.172893,0.172893
